10000
9.849825
9.833565
9.781397
9.811067
9.7606535
9.795054
9.768556
9.748541
9.727098
9.61957
9.578994
9.556776
9.541554
9.4568205
9.481922
9.415262
9.434915
9.336822
9.244157
9.211698
9.222142
9.251842
9.128488
9.021045
9.119164
9.085335
9.109219
9.014855
8.934939
8.921054
8.812171
8.814333
8.708803
8.709626
8.611346
8.6109495
8.502431
8.384403
8.296636
8.351293
8.369743
8.199114
8.098953
8.054366
8.044252
7.890113
7.771594
7.8135996
7.614522
7.5377874
7.273962
7.4928546
7.32572
7.1516604
7.071123
7.0060334
6.9888988
6.8519197
6.9430943
6.953534
7.035599
7.0024757
6.9382854
6.783322
6.9438915
6.8472476
6.8256497
6.8504643
6.8878617
6.95617
6.9350424
7.0064797
6.9566145
6.947097
6.9960403
6.976894
7.1071515
6.9902225
7.0601077
6.7972207
7.049188
6.895498
6.977785
6.850894
7.0032473
6.8442993
6.9020395
7.0252585
6.956281
6.9574986
6.9721665
7.230371
7.4044495
7.398945
7.489554
7.5616794
7.5869265
7.833796
7.9482713
8.241695
8.158326
8.206966
8.181007
8.037544
8.087365
8.237314
8.299331
8.273806
8.229946
8.5017605
8.401248
8.3290615
8.2987175
8.225875
8.1763115
8.121289
8.114556
8.191244
8.13444
8.111662
8.051906
7.9735994
7.910252
8.048966
7.9808416
7.9747615
7.9824357
7.903365
7.8543687
7.780097
7.7475557
7.6522026
7.5950365
7.64773
7.562208
7.585323
7.5037208
7.6154995
7.559282
7.5620127
7.608451
7.5897803
7.5493217
7.56597
7.4995947
7.5794516
7.5278406
7.557343
7.6088486
7.5426164
7.5029044
7.6086826
7.4929056
7.4946337
7.4163237
7.4119205
7.39314
7.41433
7.280342
7.32648
7.371842
7.336255
7.2988276
7.3925705
7.320561
7.260457
7.2604785
7.3397946
7.353656
7.3372
7.3712053
7.398244
7.50783
7.537848
7.3174505
7.3881145
7.302344
7.2730722
7.3161764
7.2650075
7.1657076
7.126574
7.113676
7.1237397
7.032695
7.104471
7.101701
7.086267
7.1206956
7.0117145
7.185062
7.049627
7.0181675
6.9167023
6.871383
6.793384
6.777717
6.6732683
6.6248913
6.6468835
6.5357895
6.6961684
6.6318054
6.4128294
6.620464
6.268327
6.4910927
6.411656
6.3867893
6.2507815
6.3353276
6.254497
6.527998
6.431135
6.5956597
6.2227507
6.4611263
6.603327
6.626667
6.694135
6.5024405
6.6572933
6.532083
6.826792
6.6961737
6.6385612
6.605979
6.6841803
6.64428
6.443894
6.8803163
6.6913834
6.635452
6.6723566
6.8241806
6.6966195
6.5416875
6.6604724
6.671107
6.704298
6.528055
6.641426
6.637355
6.6229434
6.5264664
6.7643185
6.453979
6.5158124
6.5546637
6.671406
6.639135
6.470229
6.4946346
6.411865
6.4794984
6.4690547
6.467249
6.5196805
6.511672
6.6917644
6.429034
6.6263237
6.6537504
6.4531674
6.6259804
6.464252
6.611136
6.559218
6.5684943
6.6765428
6.764003
6.5902576
6.481633
6.529015
6.656691
6.509794
6.402026
6.535793
6.387681
6.5581207
6.436902
6.6427894
6.6149335
6.562053
6.534263
6.6678743
6.6582246
6.700312
6.6918817
6.607711
6.5604525
6.56742
6.4541264
6.4654675
6.653161
6.28117
6.4281955
6.4176993
6.4704194
6.427277
6.2575893
6.3427176
6.327382
6.276164
6.2415886
6.250058
6.5174146
6.423966
6.2891307
6.4959226
6.51432
6.518011
6.5573964
6.4975076
6.1646957
6.4480033
6.5570073
6.4365363
6.599023
6.631628
6.415551
6.6402087
6.4626465
6.5279
6.5515647
6.5754447
6.527149
6.478756
6.388879
6.467005
6.4546795
6.5259323
6.4277267
6.460668
6.542
6.5030885
6.446839
6.3664117
6.295821
6.3036275
6.3861895
6.375481
6.2189198
6.316195
6.3047996
6.466787
6.421998
6.3223767
6.1860166
6.2601023
6.343923
6.364669
6.3066525
6.240902
6.374908
6.514522
6.424971
6.5348043
6.6814537
6.5337563
6.436407
6.663177
6.565928
6.72429
6.87614
6.8681993
6.8642964
6.8074956
6.946487
6.8721714
6.9514914
6.924078
6.845138
7.0030565
7.087357
6.9599648
7.07601
6.9642825
7.023213
6.799803
6.8853602
6.811284
6.786165
6.7697415
6.740861
6.848875
6.8285427
6.749417
6.808277
6.8241396
6.8029985
6.7960377
6.7132335
6.6253195
6.6335244
6.583307
6.6922607
6.6082063
6.483209
6.5544724
6.7676296
6.6220465
6.693505
6.661911
6.662968
6.4942536
6.621115
6.7261825
6.528811
6.5582547
6.655211
6.5728254
6.667009
6.7056656
6.6998253
6.7700596
6.7358794
6.632875
6.681953
6.6507063
6.8271375
6.586276
6.7899637
6.6078587
6.6554394
6.657814
6.7663913
6.601492
6.6449933
6.7289867
6.78842
6.6392927
6.796148
6.894582
6.818805
6.715033
6.6340723
6.7002974
7.0103664
6.887678
6.814662
6.87135
6.9650397
6.828504
6.8878307
6.9405847
7.0104284
6.935848
7.1843433
6.948228
7.0280657
6.8569436
6.8885875
6.907157
6.9346895
6.7778263
6.999716
6.886299
6.742675
6.901023
6.9059415
6.837368
6.77421
7.0138817
6.8157773
6.8417077
6.7310066
6.8204484
7.0138717
6.778468
6.7987137
6.795567
6.820084
6.8592525
6.6387076
6.7697597
6.896259
6.932297
6.7468586
6.7500362
6.804987
6.854944
6.805402
6.878875
6.8472652
6.8324494
6.8510537
6.893896
7.079523
6.9044785
6.972764
6.9101906
6.9108977
7.0845084
6.9722695
7.103788
7.1858306
7.1059303
7.4607096
7.327594
7.373228
7.285744
7.351323
7.2336726
7.237732
7.244453
7.3709373
7.4569173
7.538843
7.4459043
7.412013
7.312257
7.243852
7.2863836
7.274229
7.317612
7.355451
7.308966
7.421542
7.1383576
7.355032
7.240389
7.258469
7.0932307
7.1976886
7.0732384
6.9848523
7.01023
6.9981165
6.8666644
6.922276
6.938235
6.948351
7.0396805
6.8888116
6.840034
7.0996413
6.8774543
6.8707623
6.847886
6.911723
6.792881
6.8576746
6.8321333
6.9461293
6.8408265
6.854245
6.9151573
6.919213
6.7797017
6.788978
6.7799864
7.0251646
6.881676
6.872541
6.754591
6.886067
6.822617
7.008738
6.877046
7.134179
6.9231887
7.008315
7.132708
7.062466
7.028984
6.960339
7.067518
7.081019
7.0916014
7.2113137
7.290419
7.3739786
7.2567816
7.421468
7.478304
7.4366956
7.3144283
7.4092793
7.416593
7.515974
7.4145193
7.429441
7.4520473
7.274285
7.391656
7.529284
7.2798853
7.3391533
7.188804
7.2282815
7.1367974
7.141094
7.34878
7.3119745
7.3514714
7.1764646
6.9317946
6.9207816
7.001506
7.0425406
6.941081
7.041516
6.918229
6.880224
6.71793
6.719143
6.811764
6.767927
6.7809434
6.6899385
6.739519
6.823965
6.693983
6.874509
6.8916254
6.783249
6.9218626
6.8748093
6.7494106
7.033611
6.879071
6.8417406
6.899212
6.9306536
7.051464
6.874312
6.8652186
6.8094606
6.968529
6.9581046
7.092795
6.850797
7.0514655
6.927812
6.8845725
7.1628323
7.0535474
7.0211697
7.0349874
7.2841396
7.213915
7.3464622
7.103033
7.249054
7.083412
7.2777085
7.460493
7.2991776
7.346336
7.334111
7.2512426
7.410282
7.562106
7.4466696
7.3391395
7.378975
7.527112
7.175298
7.3820543
7.45688
7.368289
7.2574196
7.321817
7.3756294
7.2373724
7.230629
7.355547
7.3882785
7.2672625
7.09326
7.1947966
7.0961227
7.164016
7.0998774
7.083484
6.876351
6.8644214
7.0439796
6.943708
6.891394
6.8762813
6.8126535
6.952697
6.9132743
6.868821
6.8009653
6.8150644
6.851159
6.686823
6.7824936
6.7435174
7.026382
6.9171987
6.8311443
6.960259
6.789426
6.8579197
6.8958306
7.012562
6.7699804
6.8482895
6.8342757
6.9521704
6.9532533
7.094903
7.020339
6.979995
6.857196
7.137094
6.6891465
6.9247093
7.03962
6.9108243
7.176576
6.9473233
7.0878825
7.1560388
7.188334
7.108451
7.2505465
7.1997304
7.0568666
7.134524
7.348
7.33804
7.2339854
7.2880993
7.4007177
7.277965
7.44713
7.399356
7.1731415
7.347366
7.3093567
7.159009
7.3137383
7.2269306
7.1464458
7.1702256
7.271434
7.043221
7.232109
7.0884595
7.167995
7.1081033
7.302413
7.2043633
7.138725
7.0185556
7.1453958
7.1398754
7.1037784
6.9858494
7.014247
6.9370923
6.9114566
6.9674907
6.7794275
6.828192
6.6677246
6.8262014
6.7118196
6.7811675
6.8747177
6.7700377
6.8588347
6.954629
6.9821644
6.9266415
6.990533
7.064774
7.059879
7.228638
6.76647
6.679762
6.558415
6.7490463
6.6999516
6.11681
5.9085717
5.504674
5.190855
5.2051034
4.5848966
4.397088
4.276324
3.8508987
3.485729
3.1883922
2.9452484
2.7325056
2.4246974
2.280802
2.0009196
2.2868962
2.0052822
2.2117805
2.4887862
2.30246
1.9533966
2.07501
2.115497
2.0575173
2.8644812
2.5658906
2.6376898
2.661934
2.7373478
3.0527816
2.8500042
2.2883866
2.1838617
2.506743
2.9016078
2.4708097
2.2725618
2.4579782
2.6838665
2.2377641
2.4752922
2.824748
2.7362344
2.6976426
2.302754
2.6791217
2.994093
2.7540953
2.1206553
2.718258
2.7698584
2.2818892
2.2773306
2.4787548
2.5040467
2.6134713
2.7356026
2.6648424
2.3707685
2.728874
2.2033708
2.0084984
2.3977873
2.5781593
2.1898324
2.4178445
2.1786299
2.2164118
2.5280225
2.4864957
2.6306767
2.3240469
2.3607738
2.2658067
2.3415203
2.3235917
2.143019
2.5047512
2.5667021
2.482493
2.4783103
2.1153855
2.819018
2.33972
2.5855732
2.3022475
2.6230092
2.5465968
2.180991
2.4612815
2.6002576
2.4742892
2.2638752
2.6132894
2.7033243
2.4268525
2.6423593
2.3217742
2.392832
2.3296773
2.3407218
2.3423953
2.7085936
2.3496969
2.3408556
2.5171115
2.4103804
2.32731
2.1783495
2.2420702
2.030456
1.9058473
2.4821398
2.578889
2.3632512
2.63199
2.6787357
1.9516248
2.6751738
2.6561105
2.4975522
2.619169
2.7033803
2.9549122
2.8828983
2.8144126
2.304014
2.5096424
2.587521
2.5190072
2.0787714
2.223047
2.7012336
2.4793203
2.2329683
2.214516
2.236633
2.2682955
2.1055388
2.198445
2.225891
2.1215334
2.3691535
2.148835
2.3785598
2.3809078
2.09268
1.9624294
1.892662
2.0703812
2.391086
2.2291307
2.2178037
2.317632
2.3232954
2.306494
2.2547035
1.9447194
2.0049076
2.2873907
2.1973462
2.4810016
2.2883759
2.631131
2.4928179
2.5020401
2.184204
2.1176288
2.0874867
2.3326724
2.315968
2.4171927
2.7033992
2.611362
2.3094618
2.3357482
2.1909516
2.0477836
2.1380296
2.5659676
2.470339
2.7303305
2.7197104
2.5972242
2.470314
2.280063
2.240472
2.1016495
2.0594854
2.3762195
2.5549555
2.5087306
2.4262486
2.2533414
2.2905493
1.9843271
1.9505712
1.7954482
1.9656422
2.2899885
2.3316035
2.2919078
2.2553303
2.40245
2.3048794
2.1839387
2.0863843
1.9098547
2.1516645
2.5696378
2.6343875
2.642993
2.695632
2.7150512
2.478184
2.5955653
2.2938128
2.3020306
2.261041
2.5957828
2.7219377
2.7085283
2.6782725
2.69165
2.6194775
2.4010983
2.5256145
2.2661085
2.2463787
2.510024
2.5097616
2.5293734
2.655179
2.5063653
2.4527984
2.3902252
2.5430844
2.5923443
2.350004
1.9182835
2.1541514
2.30569
2.36841
2.5669703
2.2801983
2.5986629
2.5161712
2.6276689
2.133665
2.1023872
2.303924
2.4273894
2.3681757
2.5970738
2.5777884
2.2245317
2.3007104
2.4218688
2.387378
2.2792842
2.1923928
2.048735
2.1635015
1.9248083
2.5227075
2.6650512
2.3854222
2.6235597
2.4594736
2.600052
2.429589
2.1732218
1.9608285
2.3288758
2.3098114
2.3564286
2.4256496
2.3818126
2.172248
2.4027867
2.221973
2.0976086
2.1086717
1.8683791
2.1422455
2.0869133
2.6186786
2.5314302
2.4301126
2.42795
2.5908532
2.3369608
2.154324
2.164195
1.8517774
1.9804261
2.277689
2.3600698
2.457933
2.3823602
2.421845
2.2342062
2.2751853
2.208595
1.9390483
2.4162421
2.303275
2.6231582
2.6163743
2.4284427
2.362341
2.081747
1.9258146
2.254724
2.383227
2.570105
2.6714926
2.5014205
2.221871
2.1375659
2.0487242
2.2480047
2.5434983
2.528577
2.3668363
2.4812489
2.2226465
1.9045658
1.8796011
2.3215828
2.5860178
2.3100176
2.1566596
2.2620316
2.1477547
2.2246325
2.1993175
2.453238
2.2003167
2.0006948
2.0793417
1.8472779
1.9903076
2.1588268
2.6292622
2.6158996
2.4644372
2.170288
2.4256
2.7057343
2.3630712
2.3507211
2.2299335
2.5035715
2.4569736
2.5871394
2.5192738
2.3368583
2.2704172
2.7327478
2.4672117
2.3738585
2.243895
2.172152
2.6444752
2.2519538
2.5762446
2.5065308
2.385286
2.472161
2.3472912
2.2934945
2.340944
2.6013985
2.3110983
2.4489818
2.4507806
2.3834553
2.3554623
2.5138931
2.3057978
2.1602473
2.273045
2.333568
2.2869306
2.129147
2.3358436
2.4710383
2.2305768
2.1559699
2.3001618
2.4662795
2.3534296
2.5092525
2.2214375
2.320911
2.6622057
2.4513748
2.2576678
2.3744674
2.2519913
2.518667
2.7134984
2.480066
2.4999418
2.6268578
2.283722
2.4742112
2.67717
2.2876635
2.462704
2.5926418
2.529454
2.416813
2.523087
2.5369644
2.5785282
2.4273002
2.3018105
2.4762876
2.4267077
2.378731
2.458492
2.4597235
2.2922237
2.4544256
2.2901988
2.4268243
2.6411357
2.4883223
2.3958127
2.2593753
2.159241
2.4970875
2.563447
2.4015543
2.3603432
2.2929437
2.2690127
2.6064708
2.5032296
2.3384554
2.337878
2.4507818
2.2852783
2.4914498
2.721166
2.4081528
2.4065454
2.4532447
2.3394842
2.5156195
2.5900097
2.617854
2.3271692
2.5941768
2.2229471
2.4471145
2.5350575
2.5680368
2.4324598
2.4234798
2.4004166
2.191579
2.3202
2.5971284
2.47317
2.3834057
2.2421584
2.0563092
2.4530048
2.626641
2.6243582
2.4174564
2.3931723
2.2640748
2.4222248
2.699218
2.5913544
2.278645
2.5153937
2.4911358
2.486491
2.9721153
2.5904834
2.6722782
2.5788283
2.5557117
2.6973844
2.9568992
2.5970528
2.627223
2.8025248
2.6805105
2.8780107
2.8649833
2.5448782
2.508845
2.6071358
2.59285
2.797621
2.7076304
2.6360455
2.5317545
2.4713678
2.695694
2.735343
2.8000689
2.7108295
2.6230872
2.589579
2.3199925
2.6825972
2.886924
2.7325714
2.5228357
2.5324535
2.4535792
2.5921364
2.9433973
2.621969
2.5611799
2.5447798
2.6166751
2.7186432
2.9282122
2.8259938
2.8557124
2.7274957
2.6487222
2.501586
2.6444345
2.8660593
2.8715155
2.7679007
2.6933289
2.6153967
2.753393
3.0139172
2.7392588
2.6853704
2.708914
2.9142418
3.014714
3.1967142
3.1032934
2.9039264
3.01635
2.7822611
3.1007051
3.0116289
2.9484549
2.8553863
2.860573
2.8115182
2.6932986
2.8227322
2.7332683
2.592807
2.6987684
2.790002
2.6028786
2.707032
2.7488892
2.606639
2.7639744
2.7661643
2.5029547
2.4145808
2.5783653
2.4523747
2.630838
2.7937572
2.510066
2.5304852
2.5013504
2.2123847
2.3290374
2.4063387
2.9583185
2.9244199
2.540756
2.680288
2.5242572
2.4635398
2.647808
2.4674623
2.4818764
2.6133456
2.4579659
2.5105565
2.7954688
2.6029649
2.4915934
2.2650733
1.9452126
2.3522592
2.4347963
2.4972937
2.6470625
2.4477785
2.3290172
2.638403
2.404192
2.3406844
2.0241756
2.5040312
2.8424797
2.5237937
2.4823127
2.0549629
2.2499273
2.5834558
2.489097
2.551623
2.2111864
2.3284094
2.6216955
2.3543246
2.3152728
2.083157
2.5550146
2.7691665
2.5935233
2.6033669
2.3882573
2.6237233
2.7415378
2.582691
2.4894757
2.2035487
2.2494009
2.070566
1.8785169
2.1262846
2.3124645
2.4079552
2.286649
2.1424234
2.0362113
2.4044409
2.4657428
2.052151
2.1560237
1.8514088
2.0040405
2.1324453
2.1779835
2.1581392
2.373304
2.0065653
1.9002872
2.0945911
2.0805287
2.189754
2.1637528
2.2310221
2.3388906
1.9634039
2.0207496
1.8961897
1.9910195
2.2608533
1.9063679
1.7108973
1.8137933
2.2966936
1.9532487
1.9004128
1.7808547
2.2102015
2.1237912
1.9685155
2.1704557
2.070254
2.300579
1.9405771
1.8431168
1.8337767
2.3970606
2.4037747
1.828366
2.2197475
1.9176202
2.1505108
1.8701535
1.8414509
1.8959413
2.2927873
1.8987546
1.8919435
1.9419172
2.154277
2.210268
2.201169
2.1047256
2.1086478
2.3196316
2.2841954
1.9134587
2.103057
2.2993152
2.330763
2.2899294
1.9569216
2.1242597
2.0751
2.19364
1.9289727
2.1782777
2.5654247
2.1151154
2.0843558
2.0389278
2.4518843
2.3177285
2.3204613
2.1710515
2.2022889
2.5709243
2.5199044
2.339722
2.3697898
2.2856588
2.2871962
2.2197375
2.151493
2.2231188
2.4584959
2.3906312
2.3429167
2.2371736
2.2492971
2.319178
2.4773784
2.4131324
2.3271732
2.3844285
2.5472183
2.3711567
2.4076507
2.3138952
2.5137339
2.3762293
2.370732
2.4823873
2.4187393
2.1362615
2.0721865
2.2297559
2.2868676
2.2946892
2.381836
2.2979636
2.0791397
2.1907408
2.1909888
2.5120335
2.923225
2.8708322
2.5913062
2.5562873
2.1365447
1.8190937
1.985346
2.1621323
1.8727033
1.8706119
1.7117738
1.7794056
1.8529569
1.9579866
2.1584027
2.1089935
2.009599
1.8815385
2.0297608
1.858507
1.7272704
1.6998203
1.8891071
1.8056023
1.8910465
2.14254
2.1829362
2.1513438
2.1586466
2.0680416
2.2746048
2.4737062
2.5946758
2.6705117
2.7256603
2.7409909
2.7023795
2.6224403
3.0210588
2.6424665
2.3555024
2.406942
2.4392402
2.3030097
2.4158115
2.6466618
2.710772
2.797615
2.8952942
2.8618195
2.771835
2.9509523
2.71832
2.5234547
2.663113
2.8754141
2.9728713
3.0784736
2.9870296
2.9562435
2.5650208
2.66339
2.8674579
2.6428192
2.5110562
2.6443353
2.7164888
2.776381
2.7823968
3.27345
3.1646495
3.1372495
2.885426
2.8070056
2.6501448
2.5442765
2.5572553
2.3425348
2.2662864
2.3692527
2.3064542
2.5323336
2.6247928
2.5272508
2.3643785
2.427493
2.268659
2.4417632
2.135037
2.0688694
2.3295434
2.2807684
2.3568177
2.6270945
2.874484
2.877842
2.991303
3.126461
3.1351616
2.9417174
2.844617
2.785457
2.866687
2.8115222
2.9411058
3.0796947
3.096583
3.1084173
3.289986
2.9894009
3.0384529
2.775237
2.762234
2.8358135
2.7149258
2.8621144
2.857592
2.8091965
2.984049
2.859554
2.8222396
2.882029
2.746304
2.838105
2.6525505
2.6154623
3.1040711
3.1164782
3.1514657
3.1071727
3.1809998
3.026528
2.800412
2.6845865
2.3607595
2.1628983
2.033984
2.2262855
2.3482308
2.5501332
2.5516944
2.5611858
2.7351844
2.6773257
2.654584
2.666387
2.5806694
2.6687572
2.492171
2.4165142
2.1449478
2.439619
2.3601928
2.2660458
2.4177458
2.3123002
2.6694791
2.566784
2.312573
2.2013526
2.258616
2.1958563
2.2196395
2.2102835
2.0360825
2.181695
2.199632
2.1662743
2.098271
2.2130206
2.28034
1.9323194
1.7376211
1.9475416
1.8473626
1.7295982
1.7146535
1.971601
2.0222998
2.402147
2.2990284
2.3683505
2.270429
2.4215622
2.6075726
2.8451824
2.7192292
2.7213562
2.486159
2.478973
2.3148782
2.0435488
2.242519
1.653497
1.8158967
1.8130741
2.0016625
1.9240396
1.9993625
2.0362484
2.2167072
1.9320776
1.8795816
2.2030408
2.114896
2.374089
2.434355
2.4074645
2.4470513
2.4620366
2.3014321
2.4620752
2.4108634
2.7030478
2.4355178
2.3432674
2.5185256
2.3838956
2.6054413
2.8395913
2.5817418
2.5603204
2.607133
2.804718
2.5407355
1.9195366
2.0869994
2.0873127
1.900728
2.0922642
1.9311843
1.8857515
1.7746277
1.4913266
1.514481
1.4379009
1.5535399
1.3553485
1.3530062
1.7234118
2.3923256
2.5493057
2.647266
2.48913
2.493974
2.3973858
2.329607
2.388287
2.2472796
2.4226315
2.9635415
2.557682
2.4858346
2.4813733
2.4109397
2.289105
2.3080459
2.2414315
2.0350175
2.1448672
1.6254123
1.4718584
1.5872759
1.6265962
1.761794
1.6532444
1.7860906
2.2817862
2.1190662
2.1861315
2.0142787
1.8300604
1.710258
1.7980071
1.8647797
2.0370872
2.3337488
2.5129247
2.4511442
2.2216887
2.3183858
2.440976
2.378772
2.46708
2.554008
2.3027945
2.0325165
1.648352
1.658907
1.3377852
1.5679067
1.1605427
1.3909652
1.5781702
2.18541
2.0768137
2.1817973
2.0129154
1.8559062
1.9399805
1.7483033
1.7698876
1.8717333
1.8778149
2.0286477
2.3282652
2.2829115
2.6048427
2.5598495
2.8556497
3.0056982
3.1427824
3.3531783
3.4473789
3.0528615
3.1720223
2.8960867
3.0635583
3.0350041
2.794224
2.8297317
2.5948727
2.5522275
2.6042776
2.5185885
2.34251
2.3328433
2.4265437
2.4329243
2.2493773
2.1167169
2.0769126
2.3543212
2.572591
2.7258413
2.686294
2.576636
2.246956
2.1850986
2.216847
