10000
8.855665
8.894049
8.842124
8.89806
8.875324
8.818145
8.89695
8.862484
8.823852
8.865488
9.019199
9.001845
9.008998
9.02272
9.069643
8.941486
8.8150425
8.8370285
8.878063
8.886335
8.894412
8.972227
9.031317
9.058854
9.097015
9.072603
9.134453
9.135549
9.156485
9.155769
9.134869
9.142109
9.054326
9.006801
8.941322
8.9629135
8.934677
9.02309
9.007126
9.043089
9.059961
9.127265
9.134885
9.126389
9.067732
9.138944
9.131423
9.062598
9.0072155
8.935385
8.904884
8.901813
8.962242
9.054313
9.090606
9.1889515
9.191376
9.192709
9.201559
9.152264
9.094228
9.039012
8.984545
8.968452
8.977886
9.047685
9.021919
9.053383
9.029061
9.0416765
9.001885
9.061784
9.026759
9.061108
9.045113
8.998854
8.99336
8.948555
8.966282
8.931009
8.784303
8.762457
8.769488
8.80555
8.759983
8.782778
8.859977
8.828789
8.874052
8.788759
8.877219
8.873018
8.933927
8.881175
8.912216
8.911254
8.920112
8.941639
8.85133
8.837437
8.838633
8.809503
8.795177
8.818701
8.821127
8.81006
8.813297
8.8676
8.782929
8.866708
8.82743
8.929697
8.886765
8.870201
8.860167
8.851108
8.870945
8.857986
8.919507
8.94116
8.813181
8.875618
8.815287
8.839292
8.91535
8.826706
8.840092
8.835174
8.828162
8.89935
8.851437
8.9400015
8.921967
8.917666
8.873214
8.836614
8.852471
8.809757
8.868163
8.891275
8.970057
8.9250345
8.893326
8.826777
8.849804
8.74967
8.7776985
8.73345
8.718839
8.709022
8.698089
8.7593
8.669654
8.800038
8.712288
8.770159
8.723499
8.684729
8.605966
8.546518
8.493065
8.411395
8.415584
8.420339
8.610372
8.564324
8.520461
8.506829
8.447987
8.349764
8.28186
8.248732
8.123531
8.148509
8.000937
8.025547
7.89639
7.869514
7.7570853
7.658694
7.328222
7.114608
6.7839828
6.443581
6.030772
5.421179
4.9188824
4.4072633
4.3596883
4.511838
4.697472
5.127648
5.3218517
5.5712304
5.6671968
5.823685
6.2186003
6.443191
6.642212
6.8979683
6.957806
7.1431565
7.2920427
7.3622613
7.540155
7.544029
7.478507
7.4815097
7.622231
7.6667643
7.857157
8.070075
8.109501
8.038325
8.103824
8.139878
8.068985
8.073362
7.926923
8.003263
7.878208
7.9079714
7.925733
7.9376054
7.9110928
7.9729133
7.981654
7.9950905
7.973868
8.026628
7.956126
8.103964
7.946322
8.070639
8.000223
8.004806
7.9759746
8.065824
8.087409
8.053185
8.024986
7.994873
8.107221
8.0715065
8.101199
7.997867
8.041583
7.977521
7.9789515
7.9949064
8.002096
8.015413
7.949839
8.070723
8.102234
8.091705
8.096216
8.108076
8.109359
8.107373
8.245176
8.23692
8.237908
8.25966
8.25356
8.265389
8.271722
8.26099
8.279185
8.250668
8.300426
8.354833
8.346439
8.350124
8.313373
8.349832
8.319348
8.3534565
8.309824
8.324452
8.316109
8.316893
8.333049
8.341347
8.331854
8.361996
8.357706
8.395965
8.311392
8.378464
8.420953
8.46604
8.534817
8.48347
8.502985
8.425585
8.3505945
8.281528
8.373988
8.380198
8.466517
8.453623
8.486526
8.475393
8.492826
8.50312
8.479825
8.473854
8.467467
8.451929
8.457209
8.483114
8.481014
8.449462
8.479217
8.473276
8.448607
8.43749
8.432877
8.395145
8.350443
8.296401
8.275154
8.276984
8.250086
8.337339
8.308558
8.382092
8.315777
8.382038
8.334129
8.399289
8.422726
8.377006
8.4526825
8.411132
8.489183
8.388563
8.415227
8.380367
8.375219
8.365436
8.37972
8.374555
8.408131
8.414605
8.397115
8.437351
8.3444805
8.277711
8.397543
8.328999
8.3290825
8.254927
8.273344
8.244705
8.2654
8.287817
8.27578
8.304739
8.276401
8.256409
8.27198
8.253075
8.288833
8.283731
8.259587
8.232274
8.232539
8.372694
8.439503
8.514258
8.521442
8.477761
8.472086
8.504348
8.431164
8.462731
8.452252
8.458684
8.468727
8.417104
8.460811
8.326963
8.385505
8.284533
8.274023
8.255254
8.258934
8.240359
8.245216
8.234893
8.221139
8.25833
8.203461
8.306717
8.185883
8.294352
8.193803
8.259165
8.227435
8.254716
8.213177
8.262463
8.186532
8.305163
8.169318
8.319532
8.266651
8.399604
8.255586
8.347152
8.2709875
8.295517
8.280354
8.311985
8.297504
8.423385
8.333912
8.375503
8.348805
8.487455
8.356649
8.490173
8.3585825
8.409577
8.239017
8.234482
8.044137
8.192469
8.123408
8.314049
8.406073
8.5345545
8.444977
8.551164
8.452895
8.555611
8.44744
8.551208
8.403046
8.384089
8.145508
8.184391
8.085131
8.161314
8.11853
8.240567
8.170903
8.346815
8.209416
8.362911
8.183192
8.220997
7.9746184
8.038395
8.013388
8.100191
7.9421062
8.027937
7.946658
7.8499618
7.9671993
8.008591
7.917882
7.9232507
7.9165635
7.969574
7.892093
8.011265
8.0015745
8.047447
8.002683
8.011804
7.983492
8.130167
8.074088
8.166904
8.220307
8.200541
8.121083
8.07855
8.102588
8.122941
8.084865
8.036002
8.121
8.15897
8.157227
8.121216
8.091007
8.178622
8.242018
8.1562
8.27423
7.912703
7.860452
7.643277
7.477868
7.5007906
7.360276
7.093756
7.123713
7.098047
7.0289783
7.0261135
6.9687076
6.826952
6.6623607
6.330679
6.2488694
6.3898554
6.2109966
6.057416
5.7933908
5.5136642
5.2179146
5.234913
5.052382
4.8523583
5.140831
4.675176
4.6124635
5.0100646
5.2122073
5.7569017
5.4738636
5.252226
5.1215744
5.0552483
5.4949794
5.4672832
5.424736
4.9996486
4.4938383
4.835566
5.336683
5.4007063
5.0770245
5.3168335
4.7855062
4.7220287
4.9693694
5.034695
4.991602
4.778744
3.988549
4.310683
4.316683
4.0485754
4.3521686
5.281078
5.3132596
6.273904
6.5961576
6.8547897
7.4538074
7.313215
6.772839
6.227193
5.4093685
5.107693
5.1150455
6.2010612
6.977315
7.948509
7.5130925
6.824955
7.2490788
5.888626
6.584923
6.6001115
7.2921567
7.395396
7.010051
7.1564493
7.113626
6.4230647
6.603131
6.977332
7.638613
7.9718394
7.7174816
7.4854894
7.792278
7.5634527
6.1046987
7.192848
7.5991445
7.6070504
7.6513166
7.1147494
6.8477707
6.0394816
4.682626
3.8104568
4.383978
3.9358313
2.938148
3.4832854
3.1373646
3.1821334
3.483251
3.5475504
3.6814017
3.6975253
3.583529
3.4114757
3.4222932
3.4819806
3.5336108
3.8142323
3.6416173
3.9024246
3.9494286
4.226619
4.110332
4.1352296
3.9217112
3.5893917
3.5648506
3.4225948
3.3502
3.3383853
3.599843
3.386527
3.4943078
3.5447688
3.4196494
3.6751828
3.679549
3.7261503
3.8297527
3.3633378
3.1708102
3.014806
3.2798898
3.1160638
3.0164812
2.8961282
2.8009717
2.8795483
2.9081542
2.9948328
3.002252
3.2333946
3.2698877
2.3031406
2.068215
2.275848
2.3920417
2.7520962
2.8076694
2.9681919
3.3415844
3.4094863
3.4595146
3.7022939
3.9098735
4.0208406
4.0874987
3.8110309
3.515704
3.3539956
3.608693
3.3744915
3.3731377
3.4538636
3.3771899
3.2412844
3.4002721
3.2770836
3.3746123
3.6501367
3.4376729
3.7709196
3.7829554
3.7991953
4.0467496
3.9633362
3.715219
3.2724447
3.4136755
3.1817265
3.184367
3.3065894
3.2326627
3.1558244
3.0574436
3.2022073
3.0991602
3.1920683
3.2133195
3.1443446
3.140167
3.2472308
3.1475534
3.1513321
3.092163
3.172549
3.1777554
3.1251662
3.114275
3.179165
3.2345257
3.0206673
3.0747256
3.2249734
3.0819635
3.0198042
2.9292095
2.928133
2.9730287
2.9708087
3.061792
2.8992186
2.934142
2.8993561
2.9832325
2.9769256
2.8901129
2.7723527
2.891541
2.7123094
3.1457467
2.7362795
2.6159277
2.4537225
2.7847779
2.677237
4.105503
3.5350344
2.2493882
2.120488
2.4255319
2.7104566
2.9376824
2.992502
2.4579384
2.5622718
2.886361
2.6660712
2.4218526
2.3293643
2.2756162
2.5070205
2.638259
2.7985885
3.0595028
3.3252628
3.2242723
2.9924796
2.6023576
2.3191257
2.1602626
2.1701448
2.032787
2.2311962
2.144846
2.311733
2.2412694
2.2464633
2.2232985
2.1778584
2.1380181
2.3102899
2.2920218
2.2503653
2.3552964
2.1353931
2.1512146
1.9540464
1.8390758
1.8765663
1.8527321
1.8689504
1.9568738
1.8591702
2.0597248
1.9662707
2.1310751
2.1921835
2.2155926
2.057128
2.2273917
2.1560912
2.269997
2.1887333
2.3223305
2.2814178
2.2443442
2.392234
2.302729
2.4009144
2.3205626
2.4670155
2.3889043
2.4529216
2.4074616
2.4693274
2.362215
2.4011014
2.3570292
2.4232674
2.287571
2.4062247
2.2880447
2.3259058
2.1470137
2.2379525
2.0704253
2.1023502
2.1462781
2.1748786
2.1230237
2.0300548
2.1713648
2.0151432
2.0102005
2.0609856
2.0956435
2.016762
1.8982549
2.0004277
2.0077276
1.8491592
1.8639908
1.8166783
1.9733095
1.9772626
2.167577
2.0900347
2.072689
2.1021616
2.0783858
2.0966425
1.9607629
2.0953584
2.0101418
2.156557
2.062833
2.0261235
2.021677
1.9747778
1.9585247
1.8805219
2.102748
1.876494
2.0437407
1.8976257
2.0155349
1.873939
1.9278566
1.9442109
1.9447519
1.9404023
1.9438826
1.9530575
1.9599919
1.9473121
1.9930519
1.930829
1.9637277
1.9120318
1.9630091
1.9298679
1.9808003
1.9248554
1.986222
1.9452292
2.0049894
1.9310812
1.9934527
1.9391828
1.9798305
1.8868388
1.9741879
1.9444234
1.9780889
1.9280211
1.9450603
1.9751339
1.9593642
1.9787929
1.8520467
1.9687
1.9235009
1.9946873
1.8782218
1.9447007
1.939388
1.9697527
1.9420907
2.0186262
1.8946768
1.9596078
1.9241618
1.8808924
2.0108073
1.9242585
1.9318161
2.0498374
2.0057483
2.0441687
2.0018144
2.0435007
2.0689518
2.0007463
1.9596784
2.114716
2.072119
2.075971
2.0405302
2.1482263
2.0522776
2.1435814
2.0908155
2.1333795
2.1160598
2.1438189
2.0693846
2.1865997
2.1617203
2.1060092
2.2244024
2.2364845
2.2342365
2.2892153
2.259432
2.2566357
2.3496258
2.2004542
2.3482914
2.2929473
2.3065352
2.2020824
2.2893596
2.3796887
2.2786865
2.3195717
2.1725373
2.3323114
2.2930467
2.3267205
2.3385217
2.2762794
2.2757869
2.3222265
2.2208862
2.397057
2.2644632
2.4008865
2.3314936
2.3516512
2.2086596
2.43779
2.4212399
2.5071335
2.4243658
2.511932
2.4874716
2.4040787
2.4278047
2.3460152
2.2713282
2.3128293
2.2787967
2.2779408
2.2561808
2.2944424
2.2091439
2.247972
2.1238644
2.1974375
2.2443914
2.273975
2.1337304
2.2738383
2.1677306
2.2561536
2.1805065
2.286345
2.2605085
2.25729
2.5710945
2.6698873
2.9598494
3.212424
3.2674136
3.250261
3.421878
3.2835836
3.317671
3.1584535
3.0989265
3.3373833
3.7757332
3.6436455
3.0589273
2.9288297
2.877667
2.677811
2.5777738
2.3671384
3.7016811
4.7111015
4.704958
3.77188
3.7068975
3.3198347
3.1869009
3.1632974
3.1737945
3.1968808
3.273377
3.1985734
3.1396627
3.184703
3.0688186
3.1346893
3.0663645
2.8427863
2.9511547
2.8920069
2.8957698
2.8367136
2.8573568
2.791141
2.7633364
2.896305
2.8184857
2.8644893
2.8846664
5.9313784
6.0360813
5.8920507
5.816099
5.672355
5.7188787
5.708831
5.5978003
5.54372
5.6214714
5.5970836
5.6935654
5.879009
5.9342146
6.1828794
5.9977317
6.155376
6.3527503
6.442603
6.341491
5.810543
5.774349
5.9479113
5.882348
5.619773
5.3464766
5.068046
5.18582
5.126378
5.3581667
5.547257
5.498715
5.5660143
5.566296
5.643817
5.6682496
5.771159
5.926405
6.010266
6.162139
6.5146694
6.638701
6.5235233
6.4984193
6.461529
6.4025273
6.241886
6.1573687
6.0576806
6.058703
6.1151905
6.2225795
6.4260054
6.503248
6.502358
6.555026
6.664127
6.7825384
6.7299094
6.764095
6.813928
6.870453
6.8085723
6.8291354
6.5498905
6.526018
6.4836187
6.510487
6.3550267
6.3938828
6.3961678
6.4936147
6.410291
6.3502693
6.3995066
6.265744
6.0391164
5.892975
5.8402634
5.906864
5.870839
5.9035454
5.88404
5.8784328
5.8436265
5.7974386
5.7882752
5.8160443
5.809397
5.7934027
5.8097687
5.797751
5.8695855
5.8550835
5.8831553
5.881472
5.8662124
5.9716372
5.89183
5.888377
5.90848
5.889958
5.9012403
5.902306
5.855376
5.932049
5.8722553
5.890348
5.916974
5.9603095
5.9946723
6.0980797
6.135134
6.043255
5.9984794
6.074504
6.2721343
6.36964
6.5566025
6.5991282
6.6527166
6.7332015
6.673878
6.7381425
6.840541
6.998055
7.1340866
7.190688
7.163936
7.1797895
7.0707006
7.1164365
7.2349844
7.056005
7.047807
6.979496
6.980271
6.9953594
6.9428434
6.8753037
6.9762607
6.9769297
6.9507213
6.912052
6.9219537
6.9458647
6.9114156
6.9170427
6.9524727
6.897605
6.9544415
6.8868194
6.943727
6.9163094
7.0133457
6.929491
6.976884
6.8891854
6.9751005
6.882785
7.0151577
6.9089613
7.002229
6.9294443
7.0260935
6.923542
7.0011454
6.872221
6.9410415
6.9280386
6.9620914
6.9081864
6.941477
6.9653335
6.950692
7.01663
6.947742
7.0420027
6.9749565
7.051322
7.050689
7.1176763
7.1093407
7.186011
7.068344
7.168748
6.761398
6.820316
6.7298965
6.9783587
6.7867546
6.93169
6.766114
6.9595
6.72652
6.979421
6.875425
7.02678
6.943635
7.110011
7.059687
7.0848503
7.100479
7.170456
7.0713387
6.99485
6.954238
6.885727
6.9206705
6.971096
7.0543776
6.553785
6.4048977
5.8332114
5.337782
5.8203263
6.3601894
5.9130626
6.0944147
6.5472927
5.271904
6.2120466
6.3538294
6.3732247
6.5180783
6.4193277
6.128375
6.125156
6.469279
6.527022
6.442705
6.355199
6.3609285
6.3579535
6.4804497
6.5082917
6.6094165
6.7741537
6.969639
6.784993
6.8499584
6.876166
6.7379274
6.794754
6.7410607
6.8151875
6.814388
6.8563414
6.6902122
6.7372303
6.7068214
6.766718
6.785163
6.7602024
6.709549
6.8252964
6.7280207
6.7265534
6.6722546
6.617603
6.6302676
6.6638083
6.573806
6.312073
6.357139
6.231074
6.3410077
6.238168
6.353903
6.6208186
6.715965
6.604943
6.5795083
6.5275707
6.4999404
6.5399327
6.4422903
6.429901
6.4877653
6.553039
6.6018963
6.6485906
6.6122265
6.7449393
6.7966824
6.9932384
7.061539
6.8458533
6.3690414
5.9874716
5.2382693
3.760548
3.1165009
2.4837575
2.580219
2.8284469
2.4290266
2.4902987
2.995157
3.661768
3.646227
1.6446626
1.7208248
2.155786
2.95139
2.9009094
3.922166
3.9532702
3.2757695
3.0865326
3.9853442
3.4444492
1.6370406
2.0828292
1.9744945
1.8199835
1.161077
0.7916807
1.003976
1.1306409
1.0255386
1.145731
1.2665299
1.3981425
1.6029475
1.646385
1.661852
1.9507824
1.931623
2.1572351
2.0550363
2.1409853
2.1111562
1.9766248
2.1007397
1.9682995
2.077816
2.1619024
2.1319816
2.0766718
1.9390017
1.8683873
1.8282355
1.8055204
1.8169826
1.8751167
1.806298
1.7572036
1.6907847
1.6619527
1.646587
1.6143252
1.7093017
1.6264148
1.6385612
1.5553491
1.5871475
1.5598283
1.5600983
1.4782116
1.5620713
1.6054434
1.5508199
1.4900926
1.5774877
1.5168942
1.5385418
1.3989191
1.4333681
1.4226322
1.4241172
1.3751695
1.3316213
1.2519974
1.2599915
1.3212807
1.2476132
1.3965282
1.3995333
1.3578843
1.4559876
1.339715
1.3482957
1.3470337
1.5739
1.5820446
1.5830954
1.6216959
1.6517621
1.5557754
1.6393625
1.6104507
1.7442279
1.6634665
1.7249067
1.7086409
1.6826966
1.6842115
1.7229884
1.6754451
1.6268356
1.804068
1.6916382
1.7251468
1.7325239
1.686967
1.6016756
1.6931274
1.7666283
1.5827903
1.6362119
1.6449401
1.4481938
1.4802806
1.3980277
1.4411657
1.2967712
1.4058673
1.4389786
1.3908906
1.4326183
1.2881548
1.2512798
1.30744
1.4159479
1.3257056
1.4105053
1.3617203
1.5507933
1.7008698
1.6784973
1.6360947
1.7511902
1.7589934
1.7671309
1.819118
1.7741855
1.7689672
1.7639734
1.6392648
1.7722312
1.7402565
1.7126529
1.646608
1.6668258
1.6468934
1.6730297
1.6770232
1.7180961
1.513483
1.6137475
1.6994811
1.625962
4.4875426
4.5773077
4.766401
5.016579
5.0707855
5.1951604
5.18853
5.288914
5.265645
5.127869
5.080334
5.2200475
5.1242895
5.101595
5.095812
4.954427
5.0377054
4.8669434
4.8161564
4.9845123
5.0816245
5.122464
5.1575294
5.0605764
5.191035
5.0145216
5.0427637
4.917711
5.062229
5.0056095
4.9886003
4.9009094
5.0641527
4.7958345
4.987255
4.8512306
4.9685254
4.8241606
5.0669374
4.8829794
4.971572
4.9640703
4.9986258
5.2091346
5.0738463
5.1009245
5.1203465
5.1187167
5.1021852
5.1694674
5.2725267
5.1085997
5.292288
5.233583
5.271643
5.089982
5.217699
5.018142
5.1581635
4.8598976
5.1836686
4.9069057
5.1502385
4.8462987
5.1274366
4.855509
5.1335664
4.939597
4.9858007
4.8494973
4.7442274
4.86666
4.8318586
4.9792166
4.871338
5.0016136
4.9480486
5.090843
4.856325
5.08683
4.9993925
5.289603
5.19002
5.2383337
5.0542684
4.9902396
4.887024
5.144473
5.1800647
5.192211
5.188355
5.0969243
5.078947
4.984415
5.1480613
5.2307153
5.01307
4.842665
4.6395
4.4813266
4.304401
3.953332
3.4852595
3.269673
3.2943945
3.6939502
3.8143773
3.3499296
3.1468318
2.7144325
3.0987508
4.0408416
2.963012
2.9074042
2.5652928
2.8467178
4.830785
4.9959097
5.1437206
5.222128
5.334686
4.062503
4.538768
4.4134464
4.51687
4.516179
4.513569
4.615574
4.772087
4.623242
4.5863914
4.660127
4.669869
4.712751
4.609803
4.5916457
4.595887
4.531081
4.595515
4.43946
4.5252676
4.5044594
4.426948
4.3942976
4.379511
4.344153
4.44272
4.3968687
4.420981
4.5304723
4.7925105
5.0900903
4.843696
3.523708
0.57335484
1.2578436
1.5286423
1.4022577
1.4458834
1.6606963
1.306634
1.2779636
1.3485872
1.5957149
2.1896892
2.855588
2.4092178
1.72488
2.3074737
3.1534367
3.5095544
3.921884
3.8177838
4.2655616
3.1896281
1.6328179
1.0532882
