10000
5.1386876
5.138788
5.0278873
5.2142587
5.1505575
5.1868515
5.1242104
5.169679
5.1727705
5.105922
5.089256
5.1028986
5.154859
5.1044903
5.1550183
5.1400647
5.147787
5.242624
5.2663193
5.2167706
5.1447124
5.091521
5.268412
5.1765184
5.20376
5.261017
5.194165
5.1822433
5.240438
5.2116423
5.282869
5.191134
5.212893
5.238831
5.1424212
5.2439284
5.276385
5.170028
5.2313194
5.170519
5.1799407
5.1904755
5.179871
5.214342
5.17576
5.1901116
5.254165
5.2147055
5.1522365
5.230301
5.2182107
5.2344184
5.004442
4.9115663
4.8326373
4.744087
4.9058223
4.8939443
4.8709416
4.75866
4.943581
4.8023076
4.7010884
4.811243
4.638739
4.8175173
4.7969246
4.801589
4.873598
4.8979225
4.823574
4.8997464
4.7640615
4.7624693
4.7191925
4.7066264
4.6522713
4.7325926
4.6750975
4.644787
4.7620535
4.752815
4.5890613
4.6717625
4.637109
4.6861053
4.7000628
4.650496
4.657189
4.5706816
4.574751
4.552194
4.5917
4.640706
4.710583
4.7579064
4.6021605
4.464141
4.6129637
4.681157
4.6319346
4.6065516
4.607833
4.5696807
4.6003084
4.555309
4.6022353
4.723671
4.6338387
4.6513524
4.604442
4.633388
4.563734
4.4981565
4.6171885
4.331114
4.353059
4.4622135
4.297768
4.2109756
4.296434
4.082303
4.1162314
4.0542655
4.055939
3.9238095
3.9455464
3.7996886
3.770435
3.7458591
3.7731497
3.8096128
3.7383945
3.6840472
3.5151334
3.5980856
3.5518641
3.6729069
3.6380105
3.5734127
3.6496205
3.5760581
3.6934524
3.6329195
3.7059762
3.6719973
3.6159644
3.508902
3.4961548
3.4983613
3.4997408
3.3982534
3.4615703
3.5014825
3.4906113
3.4165294
3.3579168
3.320969
3.1526847
3.224029
3.0977204
3.2201452
3.102572
3.048105
3.0888405
3.0923378
2.973568
2.911529
2.7004933
2.68574
2.5658298
2.4195995
2.3037918
2.254755
2.111483
2.0619266
2.0543127
2.0122957
1.9972022
2.0414543
1.9664463
2.0449295
2.05221
1.9718212
1.9279428
1.9842073
2.0519726
2.0970623
2.0474267
1.9839263
1.9450994
1.9433428
1.9986453
1.991173
1.9317842
1.9490051
1.7748725
1.776099
1.8959924
1.7911534
1.7733339
1.6862658
1.7718886
1.6179037
1.4544759
1.2514422
1.1695861
1.1099689
1.1856914
1.2112981
1.2812537
1.1064851
1.0194159
1.0929133
1.1712822
1.1342905
1.1430092
1.2442915
1.3318802
1.5080997
1.5850356
1.7641629
1.6743386
1.8376839
1.8271118
1.8543648
1.9691122
2.140992
2.2833648
2.3722007
2.5147035
3.0715325
3.0230832
3.0585923
3.0530148
3.0171456
2.9819646
3.076214
3.012713
3.0307586
3.0129654
2.9848194
3.0330875
3.053862
3.039456
3.0618994
2.9456105
3.0520594
3.0288484
3.031137
3.0185485
2.9578037
2.9970062
3.0610695
3.0015116
3.0085983
3.123991
2.9993968
3.036367
2.95713
3.1034932
3.0371027
3.016398
3.0335038
2.9427047
2.9868286
2.9460793
3.0543902
2.9823747
3.028777
2.9821048
2.9670653
2.9761417
2.9231632
2.9298034
2.953533
2.9895525
2.935549
2.9580085
2.9535441
2.905401
2.9707627
2.9366722
3.0002494
2.983367
3.021945
3.0092907
2.9917316
3.0003967
3.1028755
2.9272866
3.014235
3.109225
3.1328497
3.1002188
3.0387523
3.0505068
3.1032138
3.1002324
3.040442
3.1215577
3.0441036
3.0931063
2.986721
3.0557928
3.0497284
2.9580202
2.947061
3.0372715
3.0050335
2.956326
2.990932
3.0695903
2.954378
3.0032072
2.8890357
2.8441546
3.012516
2.960967
2.9134836
2.8921266
3.0063343
3.0387754
2.901137
2.9033108
2.9295795
2.8769572
2.9759738
2.8846521
2.9413037
2.9539163
2.9409409
2.9773626
3.0486424
2.953751
2.9168773
2.9393015
2.921034
2.864583
2.9453762
2.944748
2.9161205
2.8771567
2.8719897
2.9391565
2.962006
2.9819589
2.9505312
2.9892426
2.955036
2.9959383
2.8980138
2.9916227
2.9310093
2.9200292
2.936482
2.9623544
2.9548197
2.983175
2.9753768
2.9008918
2.913498
2.945477
2.8456633
2.8861134
2.8611224
2.8766103
2.8370793
2.8251173
2.8085086
2.9223108
2.762565
2.8144405
2.7819717
2.9218304
2.9176145
2.8207111
2.8854222
2.8313298
2.9191263
2.9749174
2.946404
2.8968067
2.927864
2.9199533
2.9581
3.0224779
2.9883878
2.9704642
2.9752767
2.9836645
3.059732
3.0908978
2.517877
2.1260798
2.116606
2.2670245
2.2769566
2.6019459
2.6357787
2.6046433
2.9088235
3.0917938
2.6750376
2.6036236
2.4345574
2.554519
2.5731592
2.4307394
2.5321774
2.4574213
2.998885
3.1289792
3.1465864
3.193466
3.1489482
3.1206675
3.0923343
3.1617014
3.0882616
3.1267142
3.0954976
3.0807428
2.1541386
2.3525114
1.9118141
1.956688
2.068327
1.9306656
1.9602519
1.9878902
1.7463425
1.9222234
2.1036644
2.1895988
2.1211271
2.2976863
2.6825027
2.7963316
2.7339764
2.8653772
3.1020868
3.3889165
3.4356656
3.5353816
2.1243346
2.2354553
2.9125702
2.8996563
2.8398383
2.9310937
2.2568529
2.1866586
3.015551
4.3483634
4.406156
4.39246
4.3501525
4.313271
4.3254914
4.042259
4.151468
4.2169447
4.263438
4.3780775
4.3516006
4.45759
4.5331383
4.587174
4.608054
4.512348
4.461097
4.6683264
4.6468387
4.693448
4.7260365
4.7226515
4.700517
4.802335
4.79427
4.9040546
4.9114213
4.813751
4.8730803
4.782458
4.7693048
4.8196535
4.809254
4.774345
4.837269
4.802849
4.757965
4.8461437
4.855464
4.83443
4.763873
4.8327875
4.8488073
4.696513
4.859926
4.742872
4.7175536
4.694873
4.6916428
4.7222204
4.7957935
4.6821337
4.814189
4.6327753
4.775305
4.685134
4.7707376
4.7189417
4.642882
4.710616
4.6801586
4.6865892
4.7400546
4.7499895
4.8233156
4.7069035
4.714924
4.519329
4.49293
4.3387017
4.264519
4.007093
3.9847965
3.5762246
3.3430486
3.4420524
3.7076523
3.6926599
3.8459759
3.9287236
4.268406
4.535597
4.606756
4.52201
4.5257835
4.557972
4.2657046
4.37298
4.5624633
4.4669433
4.5408072
4.4889145
4.5482435
4.2776413
3.9764812
4.1575165
4.005868
3.9559212
4.0450654
4.1459703
4.117943
4.204418
4.3181477
4.48055
4.5550046
4.6197686
4.6104555
4.6993017
4.592617
4.6431274
4.6477838
4.6386023
4.6179113
4.6330247
4.613291
4.610826
4.6185637
4.6288857
4.6796985
4.621521
4.6700044
4.6330023
4.659169
4.672206
4.696829
4.702462
4.702702
4.656677
4.68515
4.6322474
4.5898957
4.6716986
4.58032
4.613957
4.615372
4.618346
4.617019
4.6390133
4.657593
4.6387053
4.6184034
4.631997
4.652254
4.643262
4.6325865
4.5312357
4.5032325
4.425709
4.4438043
4.6237307
4.589137
4.688793
4.559839
4.5214477
4.380212
4.5512304
4.386563
4.427032
4.3849297
4.414164
4.4081526
4.3923674
4.2482667
4.093597
3.9704194
3.891729
3.7555742
3.7998574
4.0370283
4.2042513
4.2322416
4.1045337
4.0261164
4.150471
4.1404037
4.221626
4.203076
4.3012805
4.2454762
4.1971273
4.123518
4.0093217
3.757657
3.6903005
3.87127
4.053567
4.1880207
4.067927
3.8726432
3.8503118
4.0027175
3.934986
3.5400965
3.596467
3.7365851
3.7039266
3.8754168
3.3937707
2.9893124
2.9429913
3.0903997
3.196927
3.2916245
3.234748
3.285578
3.3475513
3.3313038
3.3309226
3.2926295
3.3211873
3.2773323
3.2943158
3.2365527
3.258062
3.309824
3.3162987
3.27494
3.214196
3.240602
3.273225
3.2642195
3.3066335
3.2585723
3.3035755
3.2903237
3.2775655
3.2954054
3.2913184
3.301672
3.3110433
3.3825607
3.3266675
3.3438761
3.3565152
3.3468451
3.3325858
3.338457
3.3525515
3.343875
3.3094563
3.3072102
3.3041449
3.3281937
3.3274364
3.2873266
3.3304284
3.334328
3.3077416
3.3378692
3.3065085
3.458786
3.6047518
3.673421
3.5268726
3.404453
3.2035947
3.0136933
3.2767053
3.692865
3.5278149
3.3246737
2.906014
2.4731143
1.9967076
2.1141806
2.3171701
2.4077444
2.4335675
2.4719543
2.549379
2.5456753
2.480899
2.47558
2.4597988
2.676195
2.7320476
2.7156467
2.6259735
2.648273
2.6076417
2.4760246
2.3753328
2.360608
2.5215416
2.524052
2.4699147
2.3840477
2.3687468
2.330915
2.3461199
2.3590796
2.3847406
2.46279
2.4853678
2.5374544
2.5719187
2.6001716
2.5813463
2.2036254
2.1031783
2.1161683
1.9945705
2.1475682
2.949482
2.9879105
3.0261512
3.050545
3.0408502
2.9676287
2.961411
2.9606106
2.910573
2.8467503
2.8241682
2.7571
2.7152429
2.7380168
2.7868888
2.7876978
2.8796027
2.9097261
2.8810508
2.931255
2.6938636
2.274302
2.1500158
1.9735136
2.0149193
2.0952027
2.1223564
2.1902883
2.1158133
2.2515612
2.2893054
2.146254
2.1736002
2.2754745
2.215871
2.3006525
2.4159245
2.3938437
2.277146
2.3301322
2.373891
2.4383707
2.696449
2.6234992
2.6011646
2.4990132
2.5833192
2.6113591
2.3745606
2.3363802
2.164154
2.2182686
1.7110325
1.7911785
2.1195319
2.357277
2.2852027
2.3961735
2.2965732
2.2593846
2.4305716
2.3396335
2.460716
2.3846653
2.622897
2.5562844
2.5646563
2.531935
2.8357763
2.811186
2.8068259
2.8678885
2.9224207
2.920498
3.0180602
2.966327
2.9571085
2.9752762
3.082406
2.9889405
2.924301
2.6683674
2.519375
2.4096825
2.5083375
2.3952274
2.3643456
2.3332055
2.3793468
2.3189952
2.5160458
2.418636
2.4540598
2.327695
2.3693793
2.3840995
2.3943121
2.4196095
2.305209
2.4170523
2.3361945
2.307138
2.015259
2.1566515
2.1817114
2.0721877
2.0365133
2.18318
2.2659798
2.4428818
2.6442668
2.5270083
2.5986094
2.7212622
2.6878743
2.6236022
2.6095495
2.3258064
1.9452803
2.0343008
2.1717105
2.2050157
2.4026546
2.417208
2.317531
2.3170052
2.4395056
2.3077097
2.5330727
2.4260902
2.6098356
2.4201198
2.0601301
2.334997
2.6711967
2.527985
3.0040772
3.1202297
2.99615
2.7144942
2.3165228
2.2802782
2.2878013
2.4059842
2.288356
2.2002864
2.3700974
2.6343844
3.01417
3.000271
2.6109414
2.1236622
1.9983015
2.0210006
1.8234239
2.5376785
2.7445083
2.6892607
2.5869014
2.6112728
2.813418
2.9352577
2.7302904
2.520391
2.3471813
2.054902
2.8331027
2.80428
2.867815
2.8122685
2.6793177
2.6264563
2.7459111
2.8231628
2.7423577
2.5404563
2.405627
2.9177518
2.9664385
2.9240468
2.8717978
2.7924228
2.7717292
2.9806566
2.9799786
2.5685635
2.3237877
1.9831606
2.594066
2.7353017
2.8405814
2.4773934
2.38752
2.2407994
2.6465192
2.4064403
2.4136202
2.1965878
2.1192439
2.1462028
2.2537282
2.0219216
2.2089527
2.4067838
2.7863688
2.4828198
2.5477514
2.244303
2.6150715
2.6150506
2.1989973
2.5839322
2.7053065
2.7011292
2.920673
2.8765235
2.7360249
2.0911906
2.0620434
2.3281777
2.6418724
2.6173043
2.518648
2.7058966
2.6400201
2.6460438
2.716116
2.6452878
3.0370965
2.9839435
3.043851
2.363117
2.1670008
2.4689372
2.5418642
2.803231
2.7246473
3.2063377
2.4867995
2.4112763
2.3297231
2.6009188
2.7974675
2.2605312
1.9663302
2.0467057
2.0626144
2.2035403
2.1637528
2.2279365
2.1726441
2.4274087
1.6697539
1.7428243
3.0802355
2.5113578
2.5078442
2.422436
2.3465211
2.18824
1.6802795
1.9263761
2.1315699
2.0027
2.250365
2.3564038
2.1937697
2.22548
2.5148818
2.1462421
2.159804
2.5398314
2.3473017
2.5931473
2.4131126
2.4195666
2.7162642
2.2476301
2.4579067
2.4225662
2.742066
2.8738384
2.4477253
2.5663614
2.5726109
2.627162
2.5574465
2.410187
2.0857205
2.2688968
2.3493571
2.4585626
2.3941817
2.4769304
2.4471927
2.5331454
2.656095
2.8828313
2.8662791
2.708819
3.0436378
2.128726
1.9806875
2.2610083
2.111526
1.7742075
2.0858428
2.4111974
2.465737
2.0042439
1.9085
1.7844946
2.4919918
2.7293553
2.6784496
2.6958334
2.9076328
2.7521265
2.5084264
2.033415
2.020912
1.8202834
2.0257487
2.0617714
2.4478593
2.119821
2.465954
2.9748528
2.9396405
2.9240081
2.9256194
2.7393327
2.3657272
2.695641
2.8091354
2.819089
2.8823225
2.5479007
2.692811
2.4890463
2.4902477
2.5703483
1.7552848
1.8164916
1.8790375
1.9955888
2.514113
2.6763844
2.71888
2.6275642
2.4662242
2.6831696
2.8500996
3.0800395
2.1785235
2.5165231
2.9451773
2.9246402
3.0759127
2.9382672
2.9828687
3.0667813
3.1698225
3.2293653
3.3608513
3.2593558
3.1547966
2.9566777
2.9572728
3.1605089
3.1470535
3.1863716
3.108619
2.973652
2.9821506
2.9713757
2.996962
2.9337044
2.9445488
2.948935
2.980603
2.8570867
2.8722246
2.9286556
3.0259795
2.8984332
2.8895874
2.9865901
2.9343808
3.0580482
3.003917
3.1434758
3.1987028
3.120525
3.1264052
3.1288476
3.0318732
2.9648073
2.9164171
2.8283634
2.8374116
3.0532193
3.0138514
2.9009964
3.0110028
2.7730148
2.757546
2.8126144
2.6622915
2.884079
2.8940089
3.0076296
2.9994292
2.9199576
2.7462761
2.9282556
2.9467018
3.007827
3.0592055
3.04704
3.1071582
3.117722
3.0883942
3.005867
3.1948338
3.1724494
3.1296322
3.2149286
3.2229476
3.372266
3.3287904
3.3243828
3.3866851
3.3193755
3.2776604
3.4872334
3.2518992
3.1638856
3.0405486
3.196476
3.0617154
3.2116177
3.1882427
3.1778383
3.2619202
3.2155497
3.3407998
3.2270944
3.2511744
3.3280985
3.255657
3.4206743
3.48246
3.3095024
3.2255883
3.3581715
3.3684304
3.5270998
3.3868594
3.2986639
3.5096583
3.2661085
3.3014011
3.1925716
3.155658
3.192419
3.1206703
3.0312045
3.0658839
3.1324463
3.1365113
3.1456308
3.1060326
3.085617
2.9500713
2.9720278
3.0129366
3.110436
3.15255
2.9991183
2.9529746
3.0460505
2.9923182
2.9689355
3.0146139
3.078421
2.9865704
3.0918252
3.141726
3.1032145
3.1385722
3.0132802
3.0721564
3.1171126
3.063053
3.1418138
3.1376867
3.0236032
3.1476295
3.557095
2.1056771
2.3301494
2.5927994
2.58373
2.61879
2.5787826
2.8961272
2.700786
1.8903735
2.225288
2.090671
1.9150258
2.4011273
2.1946445
2.3791573
2.4278853
2.5752702
2.6045833
2.684527
3.2293808
3.2224376
3.0829268
2.6291552
2.5509894
2.4611588
2.459924
2.457796
1.8195986
1.8732733
1.275014
1.3693792
2.3375196
2.8695736
2.8611417
2.7445495
2.7805672
2.608776
2.7469974
2.3345423
2.395778
2.296783
2.070017
2.8088808
2.8607693
2.7593102
2.8206842
2.927568
2.9164476
2.9776425
2.6651826
2.0636034
2.2213633
1.80707
1.1874481
1.5962334
1.8019054
1.9439993
1.6946447
1.9960302
1.795301
1.5090584
1.4707866
1.5099543
1.9778149
1.7713296
1.7999213
1.4059271
1.4091771
1.5717925
1.473976
1.7097816
1.9734926
1.9913863
2.0987098
1.9451202
2.1448421
2.0144193
2.0308654
2.0386345
2.0025418
1.9587033
1.8199584
1.7631001
1.5134661
1.784458
2.023207
2.0826273
2.4501994
2.5138185
2.1097834
1.6446817
1.6123761
1.6821597
1.5975516
1.7617338
1.8364536
1.9911265
1.9456886
2.1357594
2.447505
2.76791
2.535427
2.3954365
2.6170518
2.6350713
2.591619
2.5012915
2.519217
2.329799
2.2376914
2.300229
2.353743
2.37313
2.397893
2.2812312
2.4035678
2.1814725
2.2798307
2.2986524
2.2438605
2.2847137
2.3145022
2.3276675
2.2939372
2.246768
2.284052
2.2850208
2.2391114
2.3208914
2.2241411
2.2567627
2.2905028
2.3362775
2.605093
2.4075456
2.5040321
2.4123058
2.435187
2.5274951
2.5713549
2.5316722
2.4577599
2.5448024
2.3576894
2.4511402
2.4323156
2.4687066
2.3869436
2.5694268
2.459697
2.5572214
2.4738116
2.540773
2.4375849
2.4995532
2.5057425
2.4039445
2.5319452
2.2786362
2.156523
2.3920767
2.3533518
2.5196006
2.507895
2.3382807
2.3460977
2.3792155
2.5062988
2.4422712
2.4463372
2.47297
2.450176
2.3123755
2.2358274
2.2848942
2.280136
2.5774045
2.5193002
2.5035868
2.5313895
2.585286
2.429076
2.5860362
2.8102713
2.7779732
2.643598
2.5372221
2.5685542
2.3277516
2.1403236
2.2033823
2.2462645
2.1102424
2.255179
1.9728311
2.0189898
2.3699195
2.46095
2.520351
2.5191052
2.5666077
2.6566796
2.541977
2.6297612
2.4626005
2.5080135
2.4996161
2.4338014
2.4516191
2.5547473
2.5742157
2.5962489
2.4194689
2.4762006
2.4338615
2.3958373
2.375441
2.3569665
2.3682444
2.4110246
2.322683
2.2129738
2.3033714
2.3049881
2.3975682
2.19207
1.9492662
2.0432823
1.9612432
2.2537289
2.165075
2.0398657
2.0578165
2.0338333
2.0422285
2.191689
2.0212173
2.0601788
2.1052344
2.0075297
2.0834467
