10000
10.156113
10.058467
10.066907
10.060844
10.025291
10.056202
10.095309
9.982963
9.964304
9.95073
9.89914
9.937397
9.94233
9.901786
9.966534
9.980681
9.886843
9.866071
9.981477
9.865455
9.987235
10.055582
10.035485
9.86481
9.990828
9.992221
9.989999
10.009897
10.133019
10.224651
10.008292
9.985606
9.848037
9.931739
10.064338
10.105044
10.062986
9.937647
9.763235
9.625529
9.396152
9.150364
8.832832
8.668603
8.2689905
7.5344744
6.650688
5.963995
5.499184
4.3723564
3.6528769
3.837584
4.0780435
3.986435
4.1932216
4.8033047
5.310447
4.3495064
3.5179393
3.9468083
4.996117
5.085272
4.8590255
4.001956
5.375957
4.8942575
5.2014427
5.7402225
5.2266064
4.3710165
4.2859464
2.335762
2.8105159
2.9968877
3.4077513
3.886712
5.3108215
4.952176
3.7904778
3.281886
3.3553948
3.446816
2.8335013
2.4891677
2.4921632
2.2693663
2.5428345
2.8897946
3.685946
3.994741
3.9127655
3.9251103
4.466565
3.9967356
3.8120718
4.1491675
4.556998
4.4340663
4.397437
3.6267908
2.4351
2.7414355
2.4741607
2.0537267
3.0784767
2.884107
3.3485203
4.2049527
3.6597443
3.4917762
4.1855574
4.0148764
3.813779
3.8957565
3.5835361
4.940381
4.7074227
5.2913446
3.9446223
3.9220364
3.6200047
3.0512354
3.8222365
6.173824
4.3691897
2.2362845
3.375812
4.7841215
3.9133673
3.6909027
2.8216372
4.079096
5.0299644
4.7506065
4.038286
3.9991622
3.8952515
5.3996415
4.727722
4.629612
5.2084117
4.6401157
3.7339728
4.6734033
5.0849934
5.597499
5.1508274
4.1589284
4.807685
5.945572
6.4915824
6.5125694
6.2108164
4.9700537
4.0938263
4.994299
5.773391
7.279014
6.4053164
5.075119
4.9673724
4.6829987
4.9129405
5.4768534
6.5011683
5.829843
4.885213
3.9100327
4.596635
4.159874
3.735214
4.8535132
4.569977
3.6002228
3.8696249
5.3443336
6.189179
5.027148
5.0139656
4.9339027
4.7332993
4.87566
4.687802
4.613174
5.007284
4.6896176
4.196055
4.1853943
3.8651617
4.156099
4.442589
5.305647
6.2753787
6.810335
5.852648
4.796218
4.124275
4.4400873
5.5722456
6.9622254
7.1628933
6.6544466
5.620877
5.0812106
4.5508685
5.464439
6.3528566
6.7914925
6.1978474
5.8955793
4.2319584
3.5587797
2.6381893
4.8276305
5.1214
5.168503
5.070177
4.564006
4.7707396
4.0676584
4.005727
3.9265642
3.724813
3.7814045
3.766432
3.2830112
3.4482281
3.596526
3.2932858
3.9225242
3.7979386
2.7228048
4.16267
4.253044
4.299885
4.0396395
4.0718107
4.6388073
5.410952
5.300526
3.8324518
3.2667177
3.7938533
3.464819
3.6129136
3.9549918
3.0524838
3.0202808
3.2546365
3.6357348
3.2073338
3.3399832
3.4721956
3.521931
3.7283053
3.439294
4.2418704
3.5213084
3.8706808
4.187295
3.2309072
2.9917026
3.4242098
3.1194801
3.0301933
3.0564008
3.503634
3.5969486
3.8406172
4.192485
3.4017487
3.3507853
3.345599
2.7171102
3.7203412
4.368873
4.231062
3.7151396
3.8234751
3.564869
4.5629387
4.358485
3.3654249
3.6121378
3.3577871
3.7597733
2.8137598
3.1851728
4.157889
3.8846776
4.694249
4.9721947
4.037775
4.679328
5.114508
4.609347
4.3299055
4.044155
4.255926
3.5584126
3.4680943
3.1158395
2.4280279
2.9178257
3.4111242
2.8248105
2.5644453
2.8581536
4.3876066
4.3202987
3.5645623
3.4061184
3.3403332
3.741394
3.6028779
3.520909
3.3882525
3.4750066
3.1345398
3.149089
3.366438
3.4780016
3.0502944
3.2621815
3.5830646
3.789836
3.7975416
2.8436422
3.3878002
3.5658545
2.9883094
3.064478
3.4053106
2.925982
2.7487073
3.0293608
2.919915
2.8628068
2.777021
2.9158354
2.9470005
3.0714428
3.1072981
3.257081
3.439373
3.4364595
3.499742
3.698019
3.8039927
3.8705225
3.7560549
3.120898
2.9058733
3.2950633
3.631152
3.1658812
2.7972746
1.9914641
1.6402209
1.8033231
2.334133
2.7546575
2.4591005
2.4072442
2.2263286
2.84297
2.522877
1.5057794
1.4445537
1.4323878
1.4079067
1.3981966
1.3376915
1.4430463
1.4279377
1.3603092
1.567803
1.4739467
1.3536438
1.4177469
1.3713721
1.3221247
1.3622665
1.4201708
1.3781021
1.4546757
1.4268194
1.3872485
1.3733606
1.3758651
1.3105915
1.3913563
1.3811264
1.4568998
1.4917148
1.5149882
2.2988737
1.4923755
1.3582202
1.4142293
1.5063487
1.5911734
1.552983
1.5380262
1.5415303
1.7742174
1.4646564
4.070453
6.6105433
6.647141
6.778344
6.338984
4.083936
3.2476265
2.9874225
2.4775577
1.5066369
1.4300987
1.3035214
1.2683026
1.3309139
1.4369509
1.6501276
2.7555804
2.6465526
2.5911381
3.1669853
3.5548759
3.9047387
3.823073
3.589439
3.380718
2.8379745
2.7196815
3.6047857
3.276323
3.651174
3.8670948
4.863709
4.6220727
4.4408836
4.2054334
4.117335
3.776819
3.6391995
4.7667313
4.335147
3.9432893
3.8188868
3.506469
3.559915
3.8366885
4.19372
3.936167
3.067808
4.299837
4.7624846
5.543897
5.4326034
5.4898453
4.8042097
4.9331536
5.154972
5.0452456
5.0625505
5.088582
3.8681319
3.2494357
3.4674854
3.5894675
3.5451732
3.5284765
3.5616999
3.3853981
3.4622202
3.4956174
3.4243095
3.479515
3.339967
3.4554372
3.196686
3.4086175
3.2915392
3.5047002
3.3195305
3.3225827
3.4570076
3.5404103
3.2057526
3.360116
3.295898
3.1799436
3.0173743
2.6588159
2.9226036
3.346142
3.3855076
3.3074281
3.3238788
3.5611062
3.3917856
3.7537334
4.4706016
3.5101936
3.58213
3.7697318
3.7626874
3.7740798
2.9425967
3.7507043
4.5612392
3.952337
4.1124907
4.704113
0.969769
0.3842919
0.35423833
0.5259974
0.53760713
0.5663633
0.5316214
0.5575748
0.46828482
0.4323798
0.44411236
0.45058715
0.7788721
0.4590575
0.44530427
0.468618
0.4150609
0.40994588
0.4621156
0.5655844
0.52218276
0.5589293
0.47557566
0.49433428
0.55238533
0.5541507
0.61618465
0.5143284
0.50552905
1.3836765
1.5281652
1.6945821
2.9507794
2.9680223
2.932538
2.9879923
2.9823046
2.8422527
2.939211
2.9325507
2.8976202
2.9191415
2.966857
2.8650565
2.8448808
2.8851717
2.9548278
2.9136963
2.8960936
2.8493333
2.9263403
2.8016803
2.815827
2.778767
2.704037
2.652802
2.7112384
2.8201232
2.7296185
2.596087
2.5681176
2.5568614
2.6015072
2.5702846
2.6351123
2.639537
2.7025194
2.7434058
2.8371906
2.7841597
2.7935143
2.72091
2.8235435
2.7357955
2.6732209
2.7561882
2.7382796
2.6750884
2.8139398
2.763427
2.677676
2.7047544
2.816958
2.897716
2.8581758
3.076376
3.1236057
3.1374052
2.9361649
3.1170373
3.0160453
3.0583777
3.4763303
3.5255706
3.0650012
2.6819243
2.7163122
2.8884656
2.6290035
2.7487655
2.4867215
2.592774
2.6144145
3.1044447
2.9977605
2.9594462
2.97193
3.1373944
3.0729437
2.6784525
2.6858485
2.8714066
2.9217644
3.142919
3.2844024
3.3265464
3.2631798
3.2218995
3.1474686
3.148414
3.1155748
3.2257137
3.0867045
3.0418477
3.143483
3.1150787
2.9357092
3.034627
2.9407978
2.9030802
3.1514397
3.5045514
3.1807349
3.0269318
3.0913491
2.9192388
2.9381251
2.9065292
2.7557812
2.5043669
3.1287427
3.1762276
2.9662483
2.6114526
2.9910958
3.382884
3.6401632
3.6819139
3.451397
3.3649352
3.2457263
3.067851
3.151722
3.0915914
3.2631965
3.1689043
3.4106214
3.1682894
3.0784023
3.1285293
3.1673024
3.30733
3.448761
3.4401033
3.6167192
4.2286196
4.711343
5.1937537
5.7829685
6.648418
7.1444855
6.661608
5.8803487
5.3339252
4.324905
4.5560136
3.2178395
3.734058
2.6661282
2.243783
2.4250376
2.082985
3.0327988
2.9713283
4.61948
5.000064
5.6719975
5.7809925
4.3545947
4.0341134
3.6521835
3.9885197
4.0033617
4.950087
4.5808506
3.8924732
4.2672195
4.234443
4.8023057
4.0099945
3.8244162
3.826176
4.424542
4.3545065
4.5314026
3.7024245
4.0819387
4.9785914
3.4310777
3.2130551
4.0107126
3.2142825
4.1730423
4.884594
4.767009
5.322182
4.211724
4.0895567
4.3349156
4.37943
4.68101
4.7663646
4.865941
4.886652
5.145582
5.044345
5.054496
5.2026777
5.1709213
5.100995
5.146987
5.095192
3.3239694
3.5489864
4.239519
4.326359
2.381532
2.6540427
2.605035
1.9577339
1.0979866
1.1469061
1.1011803
1.0836543
1.0881171
1.1528246
1.1680663
1.211021
1.2434304
1.2000259
1.1501818
1.1731234
1.0697575
1.0868876
1.081008
1.0928786
1.1659045
1.0962958
1.1612723
1.1808872
1.1566541
1.1767391
1.1275933
1.0241295
2.0641248
3.0292475
3.0912442
3.1656625
2.9941885
1.8953009
1.9907548
3.255281
3.7731228
2.8608618
3.4744098
3.0653915
2.780917
3.3097727
3.781109
3.5704448
2.7561622
3.0334504
3.5885997
3.5369031
3.3653653
3.2709725
3.0831008
3.012686
3.0671604
3.0972703
2.785529
2.702707
2.7727134
2.8974924
3.2305057
3.453511
3.5508642
3.336753
3.3499122
3.2638521
3.5823374
3.7219048
3.76684
3.6529565
3.441228
3.1616368
2.9985738
2.880457
2.837733
2.9169555
3.0491724
3.3500316
3.5656548
3.7275736
3.659998
3.5953898
3.5132666
3.4108682
3.3149922
3.0646515
3.0186596
3.057785
3.4180026
3.362194
3.4927814
3.4475417
3.172981
3.218301
3.152846
2.9367394
2.8581517
3.0882673
3.0622704
3.1181312
3.451521
3.5241864
3.6510122
3.6120188
3.6552427
3.3107839
3.453679
3.459146
3.4276223
3.3301039
3.2205858
3.0225396
3.099507
3.2079852
3.3074431
3.316308
3.3840218
3.4214275
3.2147896
3.37903
3.7904358
3.5535932
3.3323991
3.7714317
3.4618304
4.5504274
4.166902
3.5103104
3.6387248
3.779373
3.7046614
3.1044507
3.804644
2.6897237
4.3265233
4.1481595
4.2144194
3.33429
3.3413746
3.5039866
3.2579303
3.2281148
3.2723925
3.1704922
3.1918633
3.0964
3.1041431
2.7627208
2.7385216
2.8127778
2.7742646
2.97006
3.0421326
3.032619
3.0426598
3.0881898
2.9956992
3.1934764
3.1302826
3.4377565
3.4888327
3.5140345
3.4238553
3.2846184
3.329258
3.128563
3.5223808
3.874413
3.559068
3.6996603
3.6745791
3.4883285
3.8025398
3.3668342
3.2363648
3.4408214
3.609963
3.8799667
3.976099
4.0282574
3.63169
3.760794
3.8180392
4.045203
4.0935626
3.5726225
3.5953937
3.4207811
3.5471365
3.0725312
3.0435994
3.1669536
3.4478934
3.5673716
4.7237763
4.7263293
4.981627
5.1975284
5.092527
5.1211653
4.205325
3.2660525
3.0785227
3.2425058
3.6816294
4.074715
4.869118
4.9394155
4.547947
4.6730456
4.611444
4.553406
4.842058
4.7225842
4.876183
4.8016434
4.753221
4.7193584
4.6347136
4.650132
4.548888
4.6921124
4.463723
4.8834014
4.6417
4.69023
4.4953012
4.471614
4.4458475
4.4964933
4.5879984
4.6762977
4.6230764
4.7331877
4.4843473
4.521531
4.852102
4.781978
4.760043
4.892007
4.90382
5.4190936
5.3576555
5.2291727
5.410342
5.285969
5.1199408
4.8445597
5.1545715
5.049061
5.1924353
5.068611
4.721304
4.948166
4.8088493
4.8888845
4.8234663
4.733784
4.733766
4.7648363
4.8535137
4.756993
5.1106606
4.95607
4.9518337
4.9355984
4.694308
4.726615
4.7221603
4.742981
4.579111
4.841181
4.91873
4.9515505
5.0442476
5.035867
4.982635
4.9908357
5.152092
5.017935
4.6149936
4.6201563
4.678528
4.82341
4.6606865
4.703681
4.684103
4.5840526
4.519909
4.6748033
4.9315386
4.6238503
4.692836
4.6199226
4.566234
4.60151
4.8244433
4.73401
4.6762867
4.7692413
4.88303
4.973558
4.852154
4.834321
4.983381
4.912662
4.8462973
4.9683332
4.671981
4.3377213
4.2964516
4.451515
4.4316416
4.4733267
4.552364
4.265856
4.2578187
3.9737117
4.003073
4.0380836
3.9500194
4.083412
3.9612422
3.7746372
3.7350252
3.8378615
3.791386
4.2214456
4.391281
4.862937
4.742368
5.0664015
4.883368
4.7188463
4.6291065
4.5320177
4.5247746
4.220046
4.067712
3.6788042
3.4496226
3.3932316
3.681085
3.994629
4.272621
4.2192454
4.518132
4.28341
4.005011
3.8710814
4.0907416
3.9663675
4.0868363
4.1851087
4.1717105
4.2762027
4.1380157
4.2752337
4.1718426
4.254497
4.1796494
4.1323924
4.083046
4.135572
3.9746962
3.8483205
3.7874804
3.758912
3.7192225
4.0354185
3.8469236
3.8871493
4.049993
4.0849442
4.2118955
4.700288
4.813738
4.5511627
4.364575
4.8821964
4.8361526
4.698148
4.8136425
4.9890456
4.9743867
5.0231047
5.2757006
5.3118634
5.1947746
5.13325
4.9923778
5.0262794
5.191336
5.0596395
4.9949164
4.999923
5.161503
5.02197
4.9648337
4.9418745
4.8895617
4.7809567
4.7613263
4.8485994
4.7386427
4.802231
4.7818704
4.7623806
4.9496093
4.836884
4.1264877
4.1454716
4.1357145
4.096579
4.4071918
4.185655
4.2436666
4.19869
4.066207
4.0653806
4.1112523
4.13955
4.3537617
4.333964
4.0417657
4.1348763
4.411976
4.087921
4.200795
4.8311205
3.7560625
3.965737
3.5722885
2.9556594
2.8413253
2.848373
2.5477817
1.6008765
3.2260592
3.4831767
4.4509854
4.2977753
3.9963307
3.9808118
3.8426125
3.8904276
3.999888
3.666975
3.7188811
3.6995344
3.7173727
4.0090256
4.1576657
3.511873
3.5632398
3.7628546
3.9992669
3.6818213
3.5751271
3.513682
3.400544
3.4542067
3.4408338
3.5856173
3.7153802
1.7007717
2.021416
1.8132526
1.6949373
1.9449475
1.9719007
1.9215956
2.0373735
2.209865
1.9961897
1.585445
1.461231
1.4123486
0.8835209
0.9201428
0.8687526
0.90420055
0.8406064
0.6158823
0.90972924
0.928541
1.0021732
0.95780456
1.0788089
0.95726067
0.9371782
0.55828744
0.36310822
0.47165337
0.37787145
0.24604028
0.25843072
0.5764672
0.28453058
0.74022305
0.20745948
0.3809789
0.6201845
0.4352151
0.56403303
0.46665686
0.7522951
0.49500138
0.51816255
0.44818532
0.52142084
0.38251972
0.70379573
0.4568475
0.5752284
0.5538328
1.5994192
2.5527759
2.3250637
2.3367472
2.3140726
2.246913
3.7760105
2.052738
2.3512616
1.3670062
1.9168464
3.4821064
3.6283095
4.457524
3.032514
3.248056
2.486065
2.4610643
2.020462
1.9671261
2.0640764
2.807721
2.7498772
2.0197656
0.5758797
0.64596426
0.55138177
0.72402567
1.6026167
2.2467217
1.8165231
2.7635102
1.2909772
0.6890597
0.5765705
0.6536858
0.62582284
0.74122727
0.72902197
0.60508084
0.67168015
0.6912842
0.55231553
0.5634071
0.5677041
0.6762695
0.5975354
0.70651865
0.5209584
0.49412712
0.5644294
0.6189015
0.40759224
0.44327372
0.44031906
0.652616
0.8909307
0.97163844
0.66827834
0.8095168
0.7178899
0.8188627
0.7499212
0.7589124
0.46873987
0.58157533
0.6909739
0.8040864
0.6805787
0.8701423
1.5829663
1.8548379
3.1636553
3.06976
4.176886
2.354566
2.6366558
2.6753743
2.8396246
2.4427152
2.7923212
2.573186
2.1842878
2.4549518
3.1372604
3.1442847
2.9398503
3.0286047
2.8892732
2.8319023
3.059873
2.8222034
2.7104836
2.3593376
2.2377973
2.0197434
2.068534
2.1554542
2.4804802
2.6577654
2.787653
2.3547275
3.8826966
2.83087
2.1412287
1.7976836
1.9080399
1.8088174
2.4304085
2.8370354
3.8266423
4.1672306
4.680296
4.339814
3.735686
3.344152
3.261324
2.880242
3.0099792
3.1049726
2.9457722
3.0440545
3.7894726
1.9131984
2.5171494
2.4314818
2.0371542
2.204648
2.474513
3.198877
3.376171
3.6586685
3.5348492
2.6716373
2.5971367
2.9674947
2.4265392
2.1061668
2.1030736
1.8551724
2.721462
2.9824097
2.5872266
2.249761
0.57842857
0.7115442
0.7308971
0.7109742
0.6937562
0.52546674
0.750836
2.231331
4.1042514
3.9413114
3.8739948
3.9642797
3.1658847
3.1168349
3.115858
2.6574707
2.9668813
2.9202356
3.557693
4.065607
2.7019684
2.3636813
2.2707453
2.815098
3.4441636
2.8130746
2.9947772
3.9899323
3.0974655
3.5133083
2.855443
2.538177
3.0232384
2.8426952
2.9317994
3.6629922
3.852429
3.2857597
3.634376
4.0239663
3.9903593
4.0218167
2.533377
3.287285
3.438914
3.195339
2.9362302
3.2669477
3.6244426
4.1422687
4.108964
3.7120128
4.185319
3.4313095
4.032091
3.7111127
4.1061206
3.9037004
2.7726598
3.0516238
2.859579
2.564251
3.7049713
3.6858137
3.9936187
3.4747818
3.8471816
3.6165562
1.6536927
1.7662115
1.3956248
1.4022005
1.565628
2.9281728
3.3005917
3.320794
2.5214043
2.2187467
1.3453568
1.2080364
1.2268977
1.275193
1.1101813
1.1001519
1.1526173
1.4492905
1.4596537
2.2621386
2.0585928
2.2848399
3.80471
3.9175792
3.7362182
3.7226295
3.747021
2.514804
2.4585972
1.8334903
2.0773804
2.1598675
2.390481
2.1363642
2.2465186
1.429225
2.9876652
3.2537725
3.5731056
3.0223026
3.302117
2.6119165
2.8401215
2.7693589
2.9378145
2.8676772
2.0695186
2.4680536
3.239535
2.8360066
3.2503982
2.9219036
2.9889798
3.5911105
3.076552
3.9012954
4.0475845
3.929895
3.3338351
3.2373571
3.4180675
3.1642866
3.4574378
3.3490896
3.2774074
3.2745771
4.1481876
4.226602
4.1443257
3.7745886
3.846418
3.5320938
3.504044
3.0661128
3.382515
3.3466053
3.2838306
3.9207394
3.6041498
3.2379508
3.156081
4.2583127
4.752246
4.05497
4.8503785
4.087359
3.8213825
3.9217079
3.9761765
2.8599052
3.7072906
4.7779603
4.108352
3.1936145
3.0495028
2.922182
3.305588
4.4732404
5.1451564
5.0041924
4.1054354
5.3037176
4.6126556
4.6730313
3.8495157
3.3323166
3.2514675
3.6660643
5.212903
5.178501
3.6176846
5.3295455
4.305635
3.4084604
4.2061887
4.4653444
5.072468
4.6589527
4.3560734
3.4920807
3.462369
3.2689145
3.5456033
3.165485
3.3312783
2.925835
3.9448223
3.1032977
3.3201327
4.4334207
3.0626593
3.4232328
4.9379606
4.008973
4.338701
3.926946
3.1720252
3.8060513
3.7616737
3.2284837
3.2985165
3.6923268
3.6603372
3.5461402
3.388698
3.9916363
3.8147297
4.049788
3.8266141
4.40068
3.3502817
3.8773785
4.879001
4.479709
3.896956
4.6597095
4.23749
3.8923137
3.808025
3.9098473
3.305385
3.223232
3.2695687
4.1369534
3.028081
2.8569703
3.5931735
3.420087
3.5257435
3.1373363
3.3972838
3.2131343
4.07566
4.0525007
3.9367123
4.311781
4.434501
4.709163
4.0716205
3.561406
3.4324124
3.2560887
2.9927819
3.6373487
4.315289
5.0130067
4.8332253
4.6171737
5.1641045
4.6339226
5.335471
2.9624295
3.1075578
3.2266417
3.487024
3.3316715
3.4632046
3.849254
3.9616616
4.134844
3.6977654
2.6883824
2.7346525
2.636355
3.714086
3.5299745
4.499229
3.82169
2.7638009
3.8367546
3.8015518
3.8563194
3.909927
3.7771268
3.788791
3.7367096
3.7467809
3.608638
4.0158167
3.6560974
3.2870004
2.5035677
1.966849
1.8086971
2.3611486
2.0297272
2.245515
2.2204592
2.056117
2.1081295
1.8896918
2.2510784
2.1675127
1.9687972
2.0030768
1.9364185
1.9543443
2.0169208
2.031684
2.0546281
2.058008
2.0512016
2.094764
2.1058786
2.2292976
2.0660915
2.1886053
2.1949027
2.3270774
2.1813483
2.1050951
2.2246675
2.200774
2.1847076
1.9206567
1.9381359
2.0032272
1.9254701
1.9861364
2.1018121
2.572427
2.7277865
2.6106598
2.5435007
3.2703276
3.3384418
3.3729
3.4232984
3.3869548
3.4489286
3.4879527
3.403077
3.302791
3.1342402
3.0117614
3.016118
3.0606287
3.2084913
3.7799954
4.368874
3.3112013
3.4107401
2.3852339
1.6949337
1.4762808
2.5865133
2.6013117
2.1137202
2.5573
2.7415013
3.3659844
3.329449
3.4869668
3.4126165
3.604653
3.5952182
3.32998
3.3473148
3.6247926
3.5366716
3.4831054
3.1260123
2.6683524
2.1206312
2.2435036
2.1802928
2.1439686
1.9597069
1.7738178
2.242
2.3191893
2.188122
2.2545457
2.327526
2.1244688
2.1262596
2.284581
2.0947926
2.1771986
2.2748852
2.3531802
2.4244003
2.4983552
2.745707
2.6303668
2.8298218
2.8976476
2.849895
3.0801857
3.0785913
3.2637453
3.511658
3.2490592
3.4189863
3.4400108
3.312986
3.4184217
3.4843724
3.605626
3.7774444
3.7322786
3.843247
3.8141403
3.864221
3.923294
3.7851284
3.575683
3.613095
3.5849638
3.5695283
3.5951622
3.530044
