10000
8.850468
8.70566
8.685385
8.776853
8.731864
8.608518
8.644638
8.586856
8.54449
8.197724
8.051657
7.809573
7.9992366
7.9954557
7.7824674
8.088057
8.066018
7.686896
7.30052
7.212203
7.104192
7.155788
7.240819
7.645856
7.7230544
7.9830093
8.17092
8.330637
8.182851
8.145251
8.275469
8.119423
8.048439
7.829099
7.9821677
8.243358
8.281831
8.062958
8.147728
8.10367
8.232468
8.132181
7.995349
7.9715805
7.582258
7.654532
7.626314
7.9374437
8.373894
8.347639
8.230039
8.089676
8.135254
8.385796
8.426282
8.499592
8.549297
8.367951
8.3953085
8.193092
8.108399
8.296438
8.071094
8.083797
7.667382
7.827332
7.6925173
7.8244424
7.707941
7.9832134
8.203436
8.138265
8.188841
8.274279
7.928006
8.279276
8.571459
8.562982
8.4263315
8.278911
8.297247
8.39209
8.189415
8.225166
8.025661
8.115622
8.218119
7.6847997
7.7389593
7.547325
7.6871476
7.9616494
8.358215
8.230415
8.510447
8.186476
7.769653
8.358145
8.158556
7.737721
7.7666163
7.6678333
7.6830425
7.098094
6.606017
6.1657176
6.33284
5.955963
5.3985023
5.6467667
6.0811396
5.71224
5.4957643
5.0339136
4.700391
4.385631
4.5391765
5.0622253
5.370771
6.220421
6.418434
6.157704
5.7350125
5.2384863
5.4804153
5.6772027
5.412209
5.77355
5.687373
5.577989
5.558212
5.163702
4.607558
4.613047
4.1451173
3.6440985
3.5639594
3.8524818
3.9666002
3.375636
3.203818
3.349678
3.5471442
3.5922697
3.3626113
3.4813824
3.4115884
3.470522
3.4898758
3.5987532
3.5054803
3.5650053
3.5793972
3.6183848
3.4689834
3.530149
3.6154554
3.4829044
3.7275512
3.723834
3.6265256
3.8247776
3.7221706
3.8707948
3.7327688
3.7001867
3.7153516
3.7974603
3.8003538
3.6287136
3.8403041
3.839835
3.5494926
3.9154475
3.889382
3.8544858
3.8623362
3.743078
3.760239
3.6572258
3.8590143
3.804904
3.7899203
3.7583127
3.7818177
3.8929377
3.7486773
3.6703293
3.7915387
4.042432
3.8415883
3.9723513
3.6914248
3.998755
3.7722168
4.012652
4.0348797
3.776866
3.80232
3.7636533
3.9288385
3.9042475
3.777051
3.6588433
3.8509922
3.857593
3.760061
3.5988793
3.6281703
3.6714282
3.835091
3.6807997
3.6648297
3.7978442
3.846827
3.6325648
3.8506527
3.506517
3.8532743
3.746747
3.771017
3.6809304
3.7842453
3.650306
3.6652908
3.6292353
3.5280557
3.7627852
3.668218
3.5713143
3.4170127
3.351872
3.21991
3.1705456
3.3908865
3.191498
2.9081523
2.8946047
3.043665
3.14086
3.2313745
3.4670477
3.598266
3.695885
3.566892
3.5866668
3.5691576
3.6519053
3.5529065
3.8873754
3.684812
3.812527
3.5721223
3.5395732
3.5840282
3.511753
3.5999358
3.5836058
3.171605
3.2979345
3.1665363
3.174865
3.4325922
3.4951563
3.40796
3.2433603
3.0549996
2.7899816
2.7623587
2.9880383
2.7933354
2.9055438
2.7200205
2.987675
3.32326
3.578793
3.3310513
3.0814948
3.369321
3.297957
3.6770024
3.503934
2.9135354
2.520534
2.1732218
2.1651433
2.7876956
2.5656424
3.0226107
2.850492
3.4599218
2.9858255
2.1220222
2.7746053
2.6095862
2.7329555
2.8897285
2.9265418
2.631996
2.8198626
3.1603453
3.4420354
3.477024
3.00847
3.0644996
3.0127387
2.5226839
3.056122
3.8167124
3.2306314
2.358991
2.3496785
1.3237487
1.7022477
2.5272932
2.6681771
2.0484228
0.7323363
0.7100364
1.9775753
2.6649914
2.7659583
2.8905087
2.913593
2.8504796
2.7864046
2.5893643
2.6407287
2.932288
2.8278053
2.7461424
2.3009264
2.540381
2.4270616
2.1447752
2.6442857
2.9433982
2.817274
2.804711
3.0177333
3.0257845
2.5036557
2.3390138
1.9195037
1.8268253
2.270916
2.6866372
2.833759
2.8531163
3.2211351
2.8007042
2.28289
2.0132906
2.4927022
2.3693037
2.4258752
2.4088035
2.4963756
2.8902202
2.9552958
3.0272455
3.0497122
3.2413554
3.0012076
2.767217
2.9812477
2.7709749
2.7715175
2.685858
1.9391582
1.762596
2.463708
2.6534436
2.7779243
3.0892563
3.4829488
3.4356024
2.6083555
2.1656396
2.452154
2.5679178
2.349346
2.4239898
2.522775
2.5451784
2.285664
2.158567
2.6435447
2.5672274
1.8219424
1.9685199
1.9358081
1.9905828
2.0830204
2.8497906
2.8488507
2.3393178
2.8511336
3.485973
3.0857382
2.5163703
2.1929035
2.3705
2.590253
2.673079
2.3698585
2.0248554
1.9104471
2.3024304
2.6696641
2.9178398
2.7437253
3.025941
2.9756196
2.954547
1.6995146
2.4534163
2.0520399
2.4172516
2.0485551
2.3015604
2.150153
2.3486354
2.0079546
2.0108235
2.1696734
1.9419422
2.2488773
1.9878765
2.1264434
2.5647147
2.5084848
2.644551
2.3043652
2.6891549
2.7359073
2.9147933
2.6698895
2.5379457
2.1780667
2.4244125
2.2089062
1.9351804
2.6616411
2.680056
2.2578924
2.7591827
3.0869904
2.9194732
3.0955467
3.182068
3.5289347
3.3567877
3.1412868
2.7832515
3.3003685
3.4002612
3.1233532
2.4000163
1.7683315
1.7212933
2.4863276
2.1276278
2.2513373
2.0898008
1.5534372
2.3518414
2.4097266
2.4331021
2.7640128
1.5731485
1.4571787
1.5902646
2.0948718
2.453767
2.7894058
2.586248
2.2690034
2.6860962
2.4116359
2.6497376
2.8723884
2.1504424
1.7573473
2.4299397
1.3438236
1.7362382
2.0391967
1.9669478
1.8738707
2.174851
2.0860908
2.2802343
2.9512324
2.3504555
2.1080496
1.5827098
1.8946049
2.1063056
2.4494247
2.5733583
2.1959846
1.8300405
2.3021102
1.9921719
2.922535
2.95476
2.7262845
3.0193763
2.799613
3.2729516
2.8347816
2.3162146
2.753854
2.985313
2.2923396
2.010288
1.7698878
2.0187182
2.6008584
2.3281162
2.2680912
2.8696287
3.0300655
2.1865497
1.469186
1.0396203
2.4350765
2.5868216
2.36272
2.613801
2.8275657
3.1623607
2.7794728
2.6541386
2.6513233
2.9333456
2.9338143
2.8091335
3.0057552
3.0649238
3.0584252
3.161048
3.0171623
2.5917256
2.9526005
3.0299673
3.0382686
3.1277244
3.1149704
3.3128119
3.4510612
3.3680205
2.9940522
2.6585827
2.7691445
2.7094545
3.1309776
3.121667
2.9153175
3.1440325
2.3373046
2.1182337
1.9498055
2.7924576
2.9995544
2.8504853
2.9917755
2.8586879
3.0137722
3.2779207
3.2860665
3.4596138
2.9430885
3.2984304
3.02295
2.7344577
2.9378316
2.6434193
1.9199953
3.327567
3.2993813
3.1649606
3.233537
3.2189286
3.2524753
3.2581491
3.5639195
3.5404253
3.2361073
2.5859902
2.2954123
2.5116422
2.6874015
2.79576
3.1611333
2.8797896
1.9640262
2.2743523
2.3675528
2.5302184
2.6892486
2.9078546
2.6775756
2.608917
2.8770685
2.64968
3.3587165
3.2165742
2.8037825
2.806225
3.1369522
2.382707
2.5049698
1.3673694
1.7560455
2.8173358
2.4987442
2.3384197
2.3710608
1.8757249
1.7397798
2.2715213
3.016787
2.3997848
2.448488
2.3519015
2.14614
2.4694057
2.3797433
2.6441426
2.9319606
3.2845898
1.93141
2.9603238
3.0064938
3.188421
2.5943828
2.1713986
2.4058416
2.6139023
2.5526426
1.910825
2.4794524
2.8300867
3.3936505
3.0250037
2.6019087
1.9364066
1.6576743
2.314659
2.4675632
2.439879
1.6728573
1.6021
2.1334074
1.902776
1.6569678
1.6499029
1.6464199
1.6908638
1.8225492
2.1107242
2.7015257
1.277694
1.6971495
1.8204447
1.8158386
1.9743524
1.7488365
2.1715631
1.9751313
1.7968279
1.9661194
2.219006
2.2631836
2.6074264
2.5184312
2.6637077
2.221725
1.6600457
2.777755
3.1037357
3.2897487
1.9867834
1.6737194
1.7746909
1.82982
1.6996859
1.8961862
2.299782
3.0750852
2.695798
2.966729
3.5004125
2.3595572
1.052707
1.6497957
1.6485921
1.8834846
1.9956663
2.2156432
2.0416384
2.2338607
2.057064
1.9756774
2.1213427
1.8254218
1.8576999
1.7375393
2.0856218
1.9787134
1.5964409
1.7599244
2.0738313
2.520276
1.9285662
1.2004082
0.9423776
1.31385
1.9356266
1.795197
1.5941138
1.4771394
1.5479807
2.0767806
2.4252033
2.6087475
1.8051888
2.1301486
1.7509794
1.507189
1.3920889
1.490274
1.5775723
1.5967975
1.5007056
1.5064363
1.7696781
2.096585
2.292879
2.2005932
1.6093926
1.392824
1.8544157
2.07209
1.8701713
1.7637615
1.338796
1.5603983
1.6811459
1.7729018
2.0782807
2.3029737
2.288181
2.3692858
2.1055763
2.2051325
2.5058417
2.6042495
2.6445398
2.6125698
2.617878
2.6771164
2.6196902
2.7113392
1.6167327
1.816988
1.898235
1.9058528
2.212278
2.1811447
1.8209019
1.98816
2.0426486
2.6172302
1.8956271
1.1987555
1.3225981
1.7784752
1.8911599
1.576526
2.1829503
2.736251
2.504147
1.8276513
1.8127712
1.8479844
1.8310225
1.9101455
2.0141623
1.8023204
2.2282395
1.5602882
1.4423963
1.7849946
2.1611884
2.4103136
2.2353895
2.3639743
3.0170653
3.2056074
3.0574164
2.5984478
2.3126855
2.0715427
2.2021763
1.1505284
0.67956316
0.7389405
0.8486431
0.73411775
0.8094003
1.228666
1.2829394
1.4016532
1.4231968
1.0807668
1.3714597
2.5819974
2.3829637
2.2915587
2.3673615
2.5000565
2.590527
2.7303953
2.3659613
2.6843143
2.3059437
1.9289465
2.2540894
1.6966369
1.16954
0.78593546
1.3315773
2.2808619
1.8280905
2.3989313
2.1441996
2.369432
2.6049485
2.5399024
2.3647516
1.4207817
1.1715608
1.0894929
1.7385502
2.3246357
1.8461813
1.0946645
1.436475
1.157855
1.2807647
1.746616
1.7019929
1.9188988
1.8967557
2.2262554
2.32936
1.8180252
1.872041
1.7800976
2.0755231
2.092971
0.96687025
1.0958191
1.3020064
1.3477961
1.3966117
1.9704572
2.1138415
2.1193166
1.6688317
1.6332762
1.7200081
1.9401577
2.1897254
1.7134379
1.9926164
2.0056744
1.7495792
2.5788367
2.55022
2.3282144
2.796097
3.2262108
3.2996454
3.3299448
2.3029091
1.9482594
2.1683016
2.9134717
2.9607787
2.9385028
3.060996
3.3134205
2.6367455
2.7691097
2.848662
3.157521
3.105947
2.7993615
3.0333512
3.3523693
2.8688595
2.7579784
2.8163176
2.7539005
2.650691
2.4976475
2.1135616
2.1069448
2.1070042
2.2024667
2.2661686
2.9916096
3.312921
3.397067
3.2124627
3.062876
3.2818522
3.2246401
3.4189525
3.5441656
2.9197574
2.4789565
1.532234
1.6939547
2.4364653
2.4326441
2.7036037
2.6051807
2.4176245
2.7627022
2.6265895
3.1601493
3.4644384
3.29668
3.150558
2.606581
2.2685008
2.0974383
1.887306
1.7352905
1.6681974
1.7696729
1.7239635
1.8183903
1.8076082
1.539965
1.9252843
1.902068
1.915953
1.9846303
2.1177883
2.3082507
2.0634127
2.2495549
2.007897
1.3615501
1.4429401
1.6330047
1.505409
1.0032667
1.2656575
2.7132235
2.9386294
3.078444
2.9927423
3.1828463
3.8056912
3.7960758
2.9789157
3.1378744
3.1290812
3.9046938
2.8219032
1.896298
3.0471668
3.5773525
3.8287709
3.1261504
2.5088053
3.4945226
3.29686
2.4818811
2.5075088
3.0522065
3.1124132
2.8200974
2.8201425
1.3337005
1.9521013
2.2889745
2.4672585
3.2080948
3.182071
2.046866
1.6245205
2.2343943
1.9612489
1.2228761
1.0000222
1.118899
1.4265189
1.3375928
1.3221495
1.3590859
1.4419537
1.4337621
1.4237008
1.4651973
1.7299021
2.122291
1.8050078
1.9625441
1.6309087
1.0005721
1.0777984
1.0056703
1.122073
1.2041686
1.1183248
1.3029321
1.8018048
3.1816018
3.1209147
3.025418
2.9558365
3.0275614
3.0532658
3.0121012
3.1391392
3.0921986
2.9603508
2.9665208
2.9308867
3.004302
2.9206183
2.907857
2.8057988
3.105826
2.9247172
3.0807528
3.2185287
3.0531855
3.148754
3.244757
3.3711755
3.2394617
2.997142
2.8559103
2.7683127
2.4823556
2.6581655
2.544587
2.3789873
1.911933
1.8418381
1.904672
2.0075374
2.0178928
1.9823418
2.2192736
2.290972
2.2920694
2.2549007
2.3990598
2.514561
2.7637148
2.886654
2.9459138
2.9804807
3.0848722
2.9616446
2.9512398
3.019601
2.9688845
2.8824124
2.9773061
2.9916465
3.0572574
3.1233065
3.2411184
3.2720177
3.3105206
3.2054327
3.217455
2.9954865
2.654133
2.5151224
2.4806812
2.3164601
2.547947
2.4639924
2.4469256
2.558423
2.524668
2.5353882
2.666812
2.5661309
2.2093623
1.9311664
1.7223408
1.8985715
2.1015563
2.1101959
1.9317704
1.9964858
1.5478747
1.2755014
1.2526724
1.2727971
1.8078904
1.9240574
1.9741926
2.031586
2.292863
2.2108245
2.732649
2.5139894
2.2964845
2.068805
1.9585552
1.9411845
1.7574294
1.8198628
2.0578744
2.1685681
2.3588834
2.3284945
2.0796902
2.4777632
2.6145785
2.7360263
2.45543
2.5408912
3.0707686
2.6282592
2.4301746
3.0741472
3.266591
3.3725352
3.389853
3.4634125
3.3884537
3.193794
3.2277195
3.2312362
3.216016
3.212173
3.0633602
2.768644
2.2882767
2.0774083
2.2860098
2.4544723
2.4227536
2.6038222
2.6340628
2.804288
2.9405308
2.8127556
2.6754103
2.407341
2.5277977
2.5553632
2.2259402
2.3207557
2.2830286
2.6536582
2.446149
2.5161185
2.571075
2.5373425
2.4770396
2.4444559
2.437285
2.5806818
2.4052393
2.8488963
2.4434898
2.5666223
2.596773
2.8757021
2.813115
2.5009944
2.7723603
2.95464
2.9676785
2.878417
3.0053377
2.7857575
2.8233793
2.9059699
3.058079
3.1954732
2.8939395
3.2487082
2.8431208
2.5091887
2.3415105
2.0705152
2.3299336
2.2882042
2.615874
2.8850963
2.768677
3.0651867
2.8124783
2.870755
3.0528374
3.2519548
3.1875896
2.9059272
2.8620338
3.2682004
3.1290765
3.1007476
3.0330377
2.8620474
3.096637
3.0320065
2.8170772
3.2073917
2.7195158
3.143496
3.3631432
2.8122108
3.0919182
3.1597583
3.1330788
3.0105217
3.2087338
3.0570393
3.241139
3.090768
3.2530735
3.1147082
3.137144
3.1343281
3.1591585
3.0355413
2.8470662
2.9900203
2.8671055
2.8981917
2.904412
3.0193157
3.0238702
2.9533768
3.1214275
3.055212
3.163745
3.104099
2.9046986
2.9395092
2.9313874
2.9976635
2.8904314
2.9081204
2.939686
3.1042993
2.939241
3.0427594
2.920937
3.0104394
2.8270175
3.0617712
2.8398662
3.0562913
2.7656474
2.9095132
2.7019267
2.3523316
3.0433095
3.2737226
3.186128
3.3613503
3.328326
3.3768654
3.4177785
3.6018457
3.560454
3.6375635
3.7754319
3.5882926
3.6475432
3.5109913
3.4155133
3.3517432
3.5838194
3.3980978
3.4434404
3.139185
3.3565392
3.4509976
3.5125625
3.1280642
3.195078
3.6333573
3.5734015
3.4735246
3.516704
3.4793322
3.6209457
3.468195
3.3648996
3.474431
3.5064964
3.3028648
3.2975907
3.5575702
3.3573713
3.5221035
3.680255
3.4560163
3.574595
3.3716989
3.4114099
3.3787444
3.572854
3.6774166
3.7369006
3.6865907
3.7227945
3.520741
3.64613
3.5554876
3.5505824
3.5728645
3.7252069
3.5113542
3.7317057
3.664585
2.8196273
2.9015899
3.068749
2.9246202
3.5366688
3.5433729
3.5782855
3.5972886
3.6880445
3.545869
3.6817346
3.816206
3.4835587
3.3796554
3.086605
2.5710754
2.1581383
2.7416234
3.5291913
3.728587
3.7655914
3.8543622
3.932291
3.8988853
3.642124
3.4302416
3.835813
3.415701
2.7930632
2.4875417
2.4898353
2.05591
2.657988
2.5597656
2.9881058
2.677317
2.2456079
3.038224
3.8145995
3.1824024
3.0219672
2.450851
3.3514946
3.6504588
3.9195127
4.0487885
3.7157426
3.4395785
3.785998
4.4305334
3.9664798
3.5449555
3.467439
2.915032
3.567925
3.8846402
4.175306
4.162527
3.9653306
4.797618
5.1269164
5.033962
4.6915665
4.0778623
3.034877
2.445579
2.768012
2.7146277
2.2655902
2.5043447
2.319671
2.090716
2.217914
2.062426
3.0362475
2.449232
1.8663851
1.7838026
1.3374971
1.650351
1.872595
1.6832273
1.6884762
1.7061077
1.7361137
2.459405
2.9089737
2.3111207
1.660007
1.9126931
2.020875
2.0931346
2.242198
2.275398
2.4028337
1.696956
1.7455734
2.1572988
1.5552148
1.5818393
1.5681102
1.548169
1.6854358
1.8083228
1.6260147
1.5245376
1.9440037
1.594159
1.7360412
1.8455122
1.9828165
1.754221
1.7939491
1.8879329
1.7641319
1.8051367
1.7182406
1.7014639
1.7598927
1.4127599
1.5406554
1.9691789
1.8319274
1.6674423
1.7231709
1.6308035
1.4306713
1.7760428
1.8213015
1.42945
1.751092
1.8181093
1.7871981
1.9026853
1.7640778
1.9417218
1.6509327
1.5399678
1.4103703
1.6521894
1.5734348
1.7821387
1.8190513
1.4859419
1.6014322
1.4411407
1.6124281
1.7382878
1.5277702
1.6985133
1.7162007
1.8402327
1.5702195
1.6525809
1.7236495
1.4853204
1.5503651
1.5672204
1.5423706
1.4911438
1.4699407
1.4453204
1.4424158
1.4909215
1.8595084
2.162952
1.7871077
2.3610234
1.7477294
1.5126961
1.7908642
1.7013786
1.6484786
1.7758121
1.5566535
1.5929195
1.740141
1.3076828
1.3107533
1.5739179
1.651818
1.6387823
1.4189985
1.8280087
1.6320202
1.362758
1.3821769
2.166466
1.8702736
1.7747021
1.6347231
1.7975951
1.8420483
1.7717394
1.9177918
2.089399
1.9653269
1.7318482
1.602203
2.3213582
1.9757931
1.701517
1.5514529
1.4127991
1.2213101
1.5220608
1.3643055
1.3885428
1.7386383
1.4991804
1.7212869
1.4379876
1.3420173
1.6146928
1.6106813
1.4467518
1.3086946
1.399417
2.0915236
2.0293312
2.0428865
1.3958445
1.2332873
1.4535081
1.463736
1.4647775
1.6496876
1.6406717
1.3892487
2.256412
2.1651876
1.5277839
1.783999
1.6398742
1.3029337
1.40432
1.3875688
1.159911
1.4850162
1.7858814
1.6919264
1.2665706
1.2771391
1.3804128
1.574427
1.6126307
1.571012
1.7138612
1.9017336
1.6841409
1.8911631
2.1993937
2.3163555
2.7551434
2.587536
2.4704888
2.3791032
2.474904
2.1677828
2.3566878
2.3005278
2.5956886
2.5207174
2.2920446
2.0434387
1.9989861
1.894052
1.6170456
1.6171156
1.6654495
1.7447119
1.9813564
1.8930193
1.7233323
2.4007156
2.6180425
2.4606063
2.1916757
2.4543579
1.8454775
1.841079
2.0373106
1.8128917
1.9408091
1.8743175
1.3673955
1.609128
1.7315953
1.8679085
2.069567
2.408248
1.909218
2.357748
2.2772834
2.3449824
2.2367535
2.4383729
1.9078261
1.9244049
1.5391473
1.7260852
1.4682614
1.9326674
2.105793
2.2522902
2.1185708
2.348089
2.2070444
2.4418786
2.694768
2.617756
2.2928917
1.3834461
1.8395083
1.988981
1.7437927
2.1574087
2.380199
1.7866205
1.4363279
1.7445565
1.9235603
2.0580473
2.0350394
1.6650429
1.4859774
2.05546
2.1696107
2.1072702
2.0475214
2.4149954
2.15071
1.9530424
2.0648181
2.40206
2.1469002
1.9214077
2.0076337
2.221829
2.3239048
2.416763
2.1240377
1.9660581
2.2643173
2.2545948
2.278224
2.3741112
2.0958328
1.4596831
1.307157
1.3107283
1.5240179
1.6945924
2.0944815
2.214583
2.0822937
2.2993958
2.318184
2.1225295
2.143252
2.034812
2.1585374
1.9509972
2.249844
2.083261
1.5637536
1.7102468
1.7477814
1.4006997
1.3184175
1.5703163
1.9598788
1.2900019
1.7888832
1.4996033
1.2788477
1.7442132
1.526217
1.5111306
1.3917137
1.4337735
1.600362
1.544621
1.4595567
1.595693
1.48932
1.4035946
1.468953
1.3844106
1.5517814
1.454293
1.4061943
1.7202961
1.4295466
2.0088856
1.9131004
1.9721215
2.477012
2.042136
2.3171518
2.5375872
2.177232
2.2665672
2.158772
1.9606233
2.1755693
1.794246
1.9030998
1.7341324
1.7387598
1.7847438
1.6663115
1.9326713
2.0074825
2.514174
2.43215
2.5001965
2.7068768
2.6940475
2.6994739
2.3294458
2.502837
2.5218475
2.6991682
2.863964
2.6842046
2.6612618
2.4053044
2.339326
2.756672
3.2008443
3.2080185
3.0504467
2.8713746
1.6258852
1.9377772
2.027037
1.8090048
1.7106454
1.8002285
1.660762
1.6502035
2.0169578
2.7694356
2.5293329
2.9044955
2.3740044
2.6818554
2.567309
2.4351172
2.5711117
2.493414
2.333786
2.2072976
2.7044086
2.8115933
2.3329935
2.2880661
2.2756925
1.8036488
2.387106
2.4189067
1.9821004
2.532433
2.2904747
2.2031674
2.086383
2.4195871
2.5649202
2.1321697
2.0932481
1.8513335
1.6715275
2.2034028
2.6974518
2.7541664
2.5826306
2.9195633
2.2508986
2.576531
2.6410367
2.7414963
2.7355201
2.4522364
2.8786638
3.017219
2.7170951
2.4730055
2.2673652
2.602343
2.7401137
3.3443892
3.3023343
3.326529
3.0729377
2.876587
2.8544323
2.481112
2.4428496
2.4073856
2.8780892
2.5243268
2.6764524
2.286136
2.1675422
2.4366279
2.4399598
2.7556858
2.967062
2.888708
2.793103
2.308147
2.3213937
2.3834445
2.5232995
2.2987843
2.8530567
2.5758684
2.2383504
2.0042744
1.8633635
1.8067892
2.3381505
2.2876024
2.3615284
2.5933993
2.6395893
2.5884318
2.366632
1.9663527
1.8522604
1.9041905
1.8040311
2.437261
2.8117118
2.365195
1.8968642
2.1835148
2.563153
2.8979235
2.9765046
2.7736294
2.7012818
2.5389373
2.3148046
2.4861457
2.6934848
2.1731024
1.8843849
2.2995987
2.3076363
2.2983623
2.1538777
2.2409673
2.0589662
3.6396983
3.1846511
3.2692635
3.135578
2.9084263
3.2749991
2.7352395
2.3498812
2.4142795
2.1017904
2.344847
2.1837602
2.280613
2.1581607
2.1789055
2.8397639
2.572003
2.9163134
2.6279447
2.260117
2.4457629
2.3249266
2.815412
2.7612941
2.8823035
2.8362722
3.1746793
2.799316
2.4508293
2.2646956
1.9267143
2.2109125
2.2285683
2.4531517
1.9026204
2.1787224
2.0999746
2.014184
2.349432
2.2350311
2.6671872
2.2295544
2.251506
2.5722291
2.6276531
3.1233366
2.9994159
2.1240652
2.471116
2.677913
2.42671
2.1566865
2.8006897
2.905716
2.9057038
2.9129517
2.4180527
2.2702157
1.4633564
1.8474838
2.3304667
3.1204047
2.883037
2.6873803
2.2962008
2.4503694
2.3397284
2.6749973
2.66823
2.9099028
3.1243494
2.9390738
3.5746248
3.2353168
3.3127403
3.0628417
3.4156752
2.9223504
2.8786483
3.0291953
3.1851664
2.7214108
2.9539022
3.2144732
3.0119019
2.6614027
2.8619864
2.783951
2.604536
2.8448093
2.718867
2.935073
3.1336062
2.9457202
2.686426
3.0729556
2.8761744
2.9981647
3.2589388
3.674261
3.4311783
3.2247996
3.5504284
3.3516667
3.5316155
3.6323223
3.7447786
3.3722987
3.4746423
4.10909
3.4385676
3.7833478
3.5801084
4.012861
3.4695616
3.6454656
3.999964
3.6568077
3.3042412
3.3459027
3.8290198
3.916426
3.5821433
3.9454153
4.153185
3.900494
3.7119384
3.583556
3.578536
3.7278767
3.9535599
3.8608217
3.5003877
3.6758246
3.8469496
3.7228913
3.5093677
4.0534205
3.6514947
3.988332
3.8196225
3.3632503
3.4705975
3.4309924
3.6350815
3.6026201
3.621334
3.8059366
3.4980297
3.5498278
3.276841
3.7307954
3.5500884
3.3785388
3.475329
3.6675663
3.7212276
3.5412714
3.6187258
3.7528253
3.7971694
3.7791023
3.4782534
3.172934
3.2777317
3.1946535
3.798553
3.651424
3.5296133
3.311236
4.105261
3.6409447
3.807213
3.8514705
3.4715774
3.6595352
3.5969849
3.5456471
3.2188349
3.3215775
3.4941106
3.129932
3.5172703
3.29266
3.3611684
3.4692016
3.1681828
3.181296
3.1823654
3.4846394
3.3940618
3.4701116
3.2275534
3.6034608
4.1660314
3.929315
3.997559
4.2513294
4.4224124
4.376342
4.327556
4.427044
4.887325
4.4641423
4.297464
3.9468553
4.3738203
4.4641724
4.2425733
4.1805468
4.4428267
4.1792064
4.328596
4.202461
4.4243774
4.1484213
4.1474557
3.8901787
4.018084
4.233229
3.9155383
3.8641176
3.809081
4.0037374
4.348004
4.1201468
3.9905262
4.098867
4.1999187
3.916063
3.9842887
3.8157477
3.8306952
3.8579516
3.8009448
3.5912619
3.6966786
3.5296059
3.9779122
3.6651006
3.5627835
3.876352
3.6811187
3.8982751
3.8497577
3.7989028
3.693815
4.051908
3.9982123
3.7762723
4.153907
3.7884061
4.16532
3.7043772
3.9421473
4.0616593
3.9854074
3.96084
4.004292
4.194294
3.8419132
3.783498
4.096438
4.117526
4.1285315
3.9850752
4.1520476
4.029795
3.6495247
4.0660167
4.235519
3.7439613
4.0847306
4.004386
3.8658252
4.2657375
4.171269
4.1164436
3.9838853
3.924407
4.3509235
3.799024
3.8765035
4.285621
4.071001
4.006552
3.9560287
4.0548654
3.8578308
3.945868
4.1439767
4.1799593
4.030623
3.8309436
3.910268
4.067827
3.8491733
4.094552
4.369827
3.8566399
4.0389533
3.885544
3.9059682
4.381998
4.2530723
4.4265194
3.9984865
3.929566
4.5356846
4.123087
4.253237
4.5516496
4.370722
4.1849732
4.5286613
4.075611
4.295186
4.6017165
4.0913982
1.6623727
1.7218959
1.9262745
2.040755
1.908636
1.7262697
1.9811857
1.8579217
2.5146728
2.4823363
2.5578523
2.136498
2.1335855
2.3804336
2.1905127
2.4682589
2.031444
2.536383
1.8706867
2.190415
2.5086608
2.309741
2.0524225
1.8291055
2.5730345
2.2742388
1.9007676
2.2373235
2.3042083
2.5628545
2.6087854
3.4647114
0.9282898
0.8067394
1.110863
0.8952138
1.0486032
1.1099967
1.1334186
1.3249577
1.1750135
0.86085534
1.0378826
1.0636275
1.249276
1.2627326
1.0838587
1.3909118
1.1363395
1.0382082
0.954967
1.2145784
1.1384441
1.3592858
1.2502049
1.3464528
1.7242206
0.90960217
0.8422588
1.0470505
1.297353
0.97732776
1.1130325
0.77997196
0.65525967
0.96489954
0.6075438
0.9034438
1.1145389
1.2317375
1.1991267
1.1564277
1.462212
1.0879071
1.3068304
1.7098157
1.3749261
1.5869066
1.7499032
1.3116807
1.3313797
1.1843755
1.4499779
1.3322978
1.3482894
1.5677962
1.3230641
1.8023753
1.473851
1.7015458
1.5914965
1.2814133
1.6718622
1.295233
1.6307641
1.9891604
2.1588938
2.1148524
2.154336
2.1448731
1.7721283
2.0141451
1.8246926
1.9909012
1.9490471
2.0943177
2.2736852
1.9538546
1.9959505
2.0265508
2.2317395
1.9665875
2.0819335
2.1406648
2.0259264
2.2427173
2.1582525
2.1781952
2.236565
2.011914
2.2924392
2.2996938
2.1194599
1.9642636
2.0623717
2.0294588
2.0885844
2.4092326
2.173379
2.1174045
2.024927
1.8457782
1.7126647
1.6944981
1.8426492
1.9286413
1.5076517
1.401981
1.9431784
1.8213365
1.4731234
2.1043103
1.4929335
1.9507544
1.8453345
1.5345149
2.1262627
1.6617329
1.8175883
1.6220573
2.0878775
1.670836
1.6472974
1.4380975
1.634553
1.619404
1.8580528
1.6440678
1.4168838
1.6160512
2.0901494
1.3710392
1.6070551
1.7552037
1.7850628
1.5175469
1.5779976
1.6001499
1.6329255
1.4524043
1.7254382
1.5859087
1.5949335
1.4878204
1.636275
1.5857074
1.7064149
1.7342632
1.7477603
1.7209129
1.8392315
1.677367
1.8130536
1.7081715
1.6371822
1.8515718
1.8618007
1.6420187
1.6817899
1.7371917
1.8396465
1.5791708
1.697577
1.6842034
1.8313369
1.8630053
1.6440094
1.6152964
1.9226961
1.9183632
1.7304688
1.518343
1.3405755
1.6574898
1.7717563
1.4341367
1.4486861
1.4696553
1.2400526
2.074101
1.8454562
1.8940127
2.4868712
1.9353015
2.0311098
2.2695107
2.0438764
2.1682866
2.3539352
2.8799078
2.7487411
2.4686549
2.412608
2.226752
2.512952
2.6529913
2.2633467
2.1810133
2.0723777
2.172998
2.0072558
2.0348077
2.0100267
1.8825088
1.4986515
1.435547
1.5604148
1.7024466
1.9868013
1.3646126
1.4652698
1.6660419
1.6782308
1.5981468
1.7020694
1.9748819
1.658437
1.8389841
1.6352986
1.9304166
1.98016
2.1569142
2.1311495
2.2984555
1.8717743
2.2399
2.1549826
2.0555384
2.3909118
1.8643754
1.7651094
1.9322326
1.7445855
2.1403108
1.8666532
2.0130982
2.0064192
1.6648748
1.6315417
1.5046154
1.8636622
1.9111959
1.8493185
1.7250291
1.9358478
2.2544823
2.1959543
2.070893
1.8576818
1.8675505
1.8268875
1.9007455
1.9884276
2.018227
1.9033868
2.0557985
1.8387156
1.8883474
2.111496
2.0708897
2.0611856
2.1184342
2.0966675
2.0230117
2.0683722
1.9635377
1.9149562
1.9777163
1.8512717
1.8265843
1.6687102
1.6122069
1.636936
1.3933998
1.5932564
1.5517391
1.5567007
1.6910378
1.666255
1.5499573
1.6201981
1.6616669
1.8341012
1.7280288
1.6277769
1.6657212
1.6539247
1.8808322
1.7781395
1.5505061
1.4033647
1.2333972
1.1173706
1.1722889
0.97044057
1.0590149
1.1208738
1.1277862
1.1327873
1.2281758
1.389162
1.4035993
1.2911468
1.4592973
1.2547079
1.3137155
1.3129323
1.443851
1.723599
1.5861566
1.4179374
1.5735649
1.9499947
2.200894
2.2821648
1.8740457
1.8800067
1.7687662
1.8760917
1.7850322
1.6483984
1.7215822
1.6949667
1.6458521
1.7301333
1.448306
1.6669225
1.4376423
1.5395246
1.4478302
1.6366814
1.56324
1.3928919
1.2434081
1.2358403
1.0854332
1.0336981
1.1034925
1.1481092
1.1761975
1.2329136
1.2921298
1.296617
1.6891268
2.2420158
1.8155204
1.8979105
1.709084
1.880594
2.3079388
2.4300246
1.7254536
1.5995868
1.8285538
1.8808582
1.9978236
2.0064044
2.1617446
1.8026669
2.031787
1.579433
1.4536653
1.6767687
1.1404825
1.1877563
1.0902666
1.0240078
0.87295014
1.0168409
1.2692332
1.0988859
0.8925099
1.0771575
0.915465
0.924588
0.9390939
0.9397492
0.89388967
1.122157
1.048844
0.9841388
1.0154637
0.8971635
1.509878
1.3814539
1.1906297
1.3429537
0.94289255
1.1256105
1.0389191
1.1472597
1.3527799
1.4856297
1.3265437
1.316861
1.3082013
1.2713997
1.259133
1.5423124
1.8950351
1.8596549
1.787728
1.5082649
1.4922612
0.95068955
0.9582829
1.2181139
1.008085
1.1234064
1.183592
1.1655216
1.2675363
1.1505328
1.289872
1.2841007
1.286061
1.4707348
1.3071978
1.1692138
1.045985
0.8722507
1.0995159
1.0988289
1.194101
1.2995951
1.1150451
1.1531479
1.1833105
1.4266181
1.2017751
1.2377272
1.1888261
0.99101746
1.2967632
1.4977268
1.0962775
1.1567398
1.3618325
1.170781
1.1511676
1.2257029
1.1404686
1.452809
1.5957597
1.6503359
1.2694181
1.4957577
1.6024026
1.4911127
1.5412123
1.410095
1.5401999
1.619758
2.1574545
1.9507102
2.1785264
1.9694688
1.7468202
1.7475725
1.6145374
1.7096151
1.5770237
1.176895
1.3259832
1.2937933
1.2091424
1.0326786
1.24833
1.4096276
1.2673619
1.1615796
1.2669122
1.3161
1.2925675
1.4813089
1.3459032
1.3217509
1.1524984
1.3295338
1.2514749
1.0682453
1.3602387
1.4101912
1.4608922
1.2206357
0.9491657
1.0680077
0.91520405
1.2623973
1.2081623
0.8488709
1.1267338
1.2395102
1.0602077
1.1618774
1.398442
1.329923
1.5748346
1.2471448
1.5558436
1.7848735
1.3426358
1.5210303
1.5625836
1.7665219
1.3499486
1.2369794
1.3426033
1.2845554
1.1943653
1.1063969
1.3358759
1.1720719
1.3441428
1.1308758
1.5915964
1.1939934
1.899054
1.8504741
1.7896712
1.5697179
1.7355514
1.6819656
1.6923186
1.5683085
1.5766599
1.5530472
1.6096911
1.4266288
1.5444133
1.2146878
1.038032
1.016556
1.3014828
1.1910461
1.5260859
1.4944413
2.8782756
3.1299553
2.869675
3.041562
3.0344398
3.0004902
2.9240878
3.069241
2.9140553
2.9331105
3.3685617
3.2824564
3.3572884
3.2076793
2.9966605
3.0904226
3.0389662
3.096473
3.1044273
2.8854594
3.3699048
3.1380734
3.0891051
3.4906263
3.6309347
3.2837493
3.1419876
3.138513
2.9941711
2.9436903
3.0700905
3.2454937
3.0673177
3.4198353
2.9988437
3.0926166
2.9483094
3.242412
3.2439508
3.198841
3.1379306
3.1801474
3.1097732
3.3609846
3.2646482
3.2579958
3.270846
3.771412
3.5002437
3.4679663
3.2017426
3.38627
3.2743602
3.2107108
3.195742
3.0497172
2.7797372
2.7830815
2.4487312
2.0672405
2.1032448
1.9697629
1.6993437
2.015623
2.2697241
2.2895281
2.072815
2.089096
1.9976575
1.8742135
2.1744738
1.9570752
2.0581477
1.7129238
1.9091082
1.9287682
2.656332
3.3011708
3.0837367
2.4756153
2.7374105
2.7039533
2.6745946
2.6226165
2.569188
2.6714146
2.6320267
2.5390892
2.5884233
2.5833304
2.3515573
2.159557
2.1514537
2.3244176
2.1421177
2.3516672
2.531598
2.149793
2.1798067
1.773051
2.1926372
1.875557
1.9689051
1.83437
1.6572318
1.9742146
1.777427
1.8320947
1.7881229
1.7427222
1.9797552
2.0011103
2.0214193
2.0330186
2.0659068
2.0564754
2.2455087
1.9033496
2.258549
1.9952424
1.9717852
1.9794652
1.810169
2.183372
2.02421
2.221931
2.2688916
2.0638695
2.1415615
2.138144
2.0960653
2.1468406
2.1399486
2.1470544
2.2170293
2.2507305
2.0802407
1.6779168
1.9010026
1.8027991
2.2539382
1.9496751
2.0108464
1.7577124
1.958456
1.9376457
