10000
8.140642
8.108903
8.080426
8.0410185
8.038581
8.017871
8.259736
8.223491
8.107613
8.1257715
8.039467
7.9072356
7.620041
7.6139197
7.6883283
7.6771126
7.7017026
7.7216983
7.771448
7.6665645
7.560893
7.4824333
7.648639
7.5687575
7.5729375
7.524471
7.4201846
7.4958434
7.4823666
7.3159075
7.2649655
7.4748588
7.6388855
7.7907667
8.016568
7.958896
7.9585786
7.930836
7.984195
8.022415
8.018886
8.032103
8.215349
8.190364
8.130702
7.894761
7.740721
7.5949235
7.38556
7.3978105
7.419139
7.4788322
7.469953
7.6289544
7.637274
7.4809175
7.484001
7.388029
7.4722166
7.323943
7.4016147
7.422826
7.32308
7.2995787
7.431484
7.289735
7.1848164
7.397151
7.536502
7.741612
7.840325
7.8080025
7.7064133
7.765314
7.850413
7.82942
7.8697567
7.812971
7.864666
7.7690907
7.688382
7.67887
7.5541267
7.379491
7.3251815
7.354974
7.459415
7.411331
7.4860644
7.3551855
7.440644
7.343121
7.423296
7.2869287
7.480262
7.640744
7.5052986
7.394348
7.405387
7.3103957
7.1970944
7.184251
7.3113575
7.5828543
7.548562
7.7865396
7.8287315
7.816862
7.8092484
7.822941
7.816092
7.8709726
7.925052
7.861746
7.779396
7.7532525
7.7402887
7.7008996
7.615885
7.4148026
7.5463734
7.611266
7.7506857
7.7513185
7.997004
7.871918
8.031034
7.8997345
7.894739
7.7981377
7.7435236
7.754323
7.7304883
7.5116043
7.4077435
7.162168
7.115287
7.188135
7.413366
7.668803
7.824602
7.96629
7.8875556
7.789442
7.8459735
7.9916635
7.897637
7.7747545
7.9236875
7.90472
7.7038007
7.7282505
7.6549535
7.601365
7.398187
7.394279
7.4885244
7.636668
7.58946
7.654639
7.7631617
7.793886
7.8088984
7.8116446
7.7355523
7.676989
7.8177414
7.826988
7.809958
7.7037425
7.7090135
7.4564514
7.269535
7.3331785
7.594258
7.6241894
7.816994
7.900726
7.8714356
7.8369737
7.7786474
7.7608395
7.8223305
7.739552
7.829852
7.8643613
7.7525716
7.684035
7.625187
7.4681735
7.425023
7.5499706
7.620707
7.770007
7.7933817
7.8463345
7.830153
7.8334417
7.89227
7.7869225
7.8451
7.7171564
7.876567
7.8564606
7.802899
7.5905952
7.4112835
7.22473
7.1347146
7.363613
7.559158
7.6938186
7.839586
7.854805
7.839802
7.903602
7.941993
7.898668
7.835657
7.899296
7.8742747
7.800751
7.699148
7.570343
7.4610806
7.363243
7.3592267
7.49118
7.516054
7.589908
7.7091713
7.664522
7.79226
7.786922
7.7557535
7.767022
7.8027134
7.7301693
7.754977
7.781321
7.5725126
7.5696
7.538656
7.2750306
7.14993
7.3426495
7.6451883
7.855572
7.967726
7.867326
7.7217894
7.687383
7.6878247
7.7149286
7.658517
7.7649717
7.8681717
7.955723
7.833741
7.816925
7.6970005
7.71047
7.422728
7.5260158
7.5538297
7.6518164
7.5430064
7.6632037
7.500098
7.482323
7.563876
7.448894
7.607558
7.4472156
7.577629
7.329865
7.392808
7.4069815
7.3293643
7.1666737
7.131689
7.2603917
7.6014957
7.685518
7.6726213
7.684666
7.5165267
7.473675
7.4809194
7.566305
7.6345153
7.766284
8.003895
7.830712
7.831937
7.7038784
7.563954
7.4713535
7.3562937
7.409775
7.478491
7.503874
7.503643
7.5201797
7.4778004
7.4218826
7.7037764
7.506955
7.654545
7.716809
7.54535
7.630663
7.4636974
7.4553375
7.309009
7.2034593
7.1584573
7.3791585
7.624586
7.58114
7.7035165
7.7035556
7.5533156
7.538237
7.597884
7.6311255
7.8347044
7.702268
7.974425
7.7706027
7.693633
7.3947124
7.405178
7.3346515
7.445363
7.5165033
7.6072965
7.560469
7.6089845
7.608774
7.7277517
7.724001
7.490125
7.6911883
7.5759277
7.555
7.4992642
7.2923274
7.2269135
7.256005
7.12882
6.938482
7.074508
7.374529
7.5559187
7.600397
7.55953
7.4847035
7.49983
7.4507413
7.477407
7.522448
7.672593
7.589085
7.7134075
7.660238
7.713861
7.5797253
7.420029
7.201475
7.2845407
7.3214817
7.36239
7.337347
7.1845846
7.322071
7.3922796
7.5287523
7.359534
7.3782444
7.2184033
7.4234085
7.547973
7.3890214
7.3264055
7.21023
7.2083592
7.1718206
7.1807423
7.508607
7.5089264
7.607243
7.6511297
7.536591
7.476129
7.4000287
7.4750977
7.5229206
7.5589404
7.52159
7.653812
7.5241356
7.5510845
7.3055744
7.194433
6.885313
6.959336
7.110503
7.190833
7.160367
6.924794
6.991404
7.155744
7.3782253
7.470118
7.399137
7.438441
7.2065277
7.2778497
7.184134
7.248349
7.060179
7.192507
7.0970163
7.065752
7.0483575
7.2407537
7.2898874
7.392247
7.348319
7.3708262
7.2711253
7.269706
7.5124016
7.4676237
7.534745
7.600731
7.5550394
7.518476
7.531512
7.451442
7.2804465
7.182396
7.321577
7.4111423
7.517406
7.3131003
7.295716
7.370768
7.599494
7.6687975
7.6487412
7.671261
7.7618256
7.80524
7.7288284
7.5654464
7.5136633
7.411717
7.4570966
7.393638
7.3534913
7.551053
7.7214437
7.8432283
7.786128
7.8574467
7.7478676
7.7553387
7.772346
7.827833
7.844943
7.9795027
7.91176
7.751107
7.6827173
7.631896
7.5277457
7.313282
7.284148
7.2798023
7.3621335
7.5554543
7.334335
7.4384766
7.1798534
7.291847
7.337039
7.528076
7.4747896
7.6267796
7.638473
7.669212
7.5518656
7.437744
7.3737254
7.468969
7.4343414
7.485582
7.7519712
8.084579
8.07269
8.080353
8.105561
8.214889
8.165842
8.176434
8.321826
8.269692
8.121998
8.23569
8.145343
8.024443
7.7553406
7.6542306
7.7347975
7.638971
7.9061537
7.8676624
7.8402953
7.887135
7.836092
7.875169
7.979695
8.009188
8.0089855
8.084616
7.9659915
8.01488
7.9176745
7.804879
7.6542654
7.5000067
7.5942206
7.604778
7.870877
7.869138
7.993099
7.9899573
7.9912643
7.960373
7.915604
7.975501
7.9507627
7.9493732
7.8834867
7.834934
7.850218
7.752373
7.8416023
7.7490263
7.816267
7.6751904
7.6421046
7.684403
7.6947613
7.790529
7.7378483
7.6572824
7.767102
7.8239274
7.8009195
7.729389
7.6426926
7.6782985
7.54588
7.687449
7.689456
7.606239
7.7817316
7.848704
7.928503
8.06179
7.9886456
8.030654
7.978647
8.032164
7.950605
7.888316
7.8364077
7.8077455
7.7925043
7.716605
7.73676
7.85397
7.853958
7.8001204
7.783465
7.6449537
7.6181693
7.7609286
7.7457924
7.784258
7.62852
7.5496387
7.5858865
7.743818
7.751003
7.787713
7.7673793
7.651832
7.6596212
7.5953627
7.59344
7.823317
7.762812
7.979371
7.929027
7.957731
7.8690863
7.9676037
7.9842925
7.788924
7.8208694
7.7197742
7.668886
7.5716977
7.6578984
7.600639
7.5000243
7.5953054
7.5157623
7.5549393
7.752034
7.6799703
7.677562
7.756746
7.8219066
7.7966814
7.8101234
7.6111827
7.5381894
7.5015836
7.8027263
7.733656
7.798505
7.7859735
7.6610746
7.6896653
7.709484
7.848954
7.839714
7.947551
7.846219
7.847128
7.800448
7.7858267
7.5987425
7.5462756
7.724542
7.6582146
7.5956383
7.5613422
7.5272326
7.416955
7.380398
7.4200253
7.5554733
7.4781747
7.5572524
7.5228033
7.5705757
7.6628933
7.7856126
7.841385
7.6734023
7.517381
7.473675
7.562432
7.5372796
7.6702385
7.6004596
7.606412
7.5827346
7.419868
7.5105906
7.5102167
7.6945586
7.701558
7.7894616
7.7344117
7.5921617
7.6784306
7.608166
7.4196424
7.2529087
7.1987934
7.1934032
7.1172695
7.1605563
7.1884894
7.2635717
7.290225
7.335901
7.414704
7.4467454
7.5314264
7.5324707
7.5879974
7.7379837
7.7307215
7.6874
7.54617
7.2960987
7.3896904
7.522674
7.428666
7.5866575
7.721049
7.6353354
7.5899234
7.485999
7.3335304
7.509281
7.525549
7.6510816
7.7589755
7.623782
7.469181
7.1929226
7.2334285
7.241192
7.150613
7.25383
7.233227
7.2658424
7.215322
7.2209377
7.2819753
7.3091583
7.3782725
7.217696
7.1234174
7.0769467
7.18365
7.309371
7.291043
7.3625317
7.4584274
7.2827573
7.2815194
7.570469
7.599162
7.550635
7.4333634
7.4155087
7.5080833
7.481959
7.4679437
7.27756
7.224241
7.2308846
7.292239
7.2709374
7.177807
7.102472
6.9548554
7.022125
7.0544825
6.8289175
6.8362975
6.8749084
6.8419566
6.850896
6.885185
6.862512
6.8147006
6.8033376
6.7941246
6.832309
6.9507313
6.9882784
7.0831175
7.0023437
7.315849
7.545217
7.383992
7.3752885
7.57409
7.6054783
7.5218444
7.5110455
7.499982
7.5112157
7.4327927
7.2703147
7.2290773
7.1335874
7.0432825
6.9782596
7.029811
6.8096185
6.8545957
6.5568137
6.660329
6.6172137
6.6718254
6.5719256
6.38811
6.349923
6.3422284
6.4713755
6.551647
6.5868387
6.6247225
6.7512603
6.7475605
6.94126
7.0223117
7.149098
7.0917473
7.1920786
7.2014127
7.3332176
7.2323637
7.245121
7.145589
7.1331186
7.0381575
7.1336317
7.2064548
7.2067494
7.084596
6.8429103
6.7852054
6.6466985
6.6884685
6.7055707
6.492477
6.30077
6.1210003
6.4559636
6.343167
6.312723
6.3530245
6.3075128
6.2234244
6.2769556
6.3798428
6.6194844
6.5688386
6.6914573
6.736538
6.612984
6.5863914
6.6427336
6.5992737
6.512376
6.754514
6.7984524
6.5341425
6.735607
6.845745
7.0899425
7.09204
7.141425
7.0202928
7.102277
7.145209
6.9038625
6.8832016
6.837466
6.829641
6.9236336
6.9154353
6.719112
6.677369
6.531207
6.683538
6.6348166
6.605667
6.515327
6.510422
6.525524
6.7397146
6.7292333
6.8667235
6.825218
6.888719
6.749233
6.7641907
6.6990232
6.8017707
6.867105
7.0788918
7.2307444
7.1863556
7.0422115
7.056341
7.3226585
7.365857
7.222867
7.323397
7.306575
7.325379
7.2283864
6.8334823
7.088747
7.0535755
7.031268
6.9993052
6.9366345
7.0676045
6.9749975
6.9796553
6.872988
6.9296646
6.7397375
6.8766212
6.8110795
6.781779
6.6608753
6.972289
6.857321
6.9841714
6.8898635
6.84947
6.936062
6.988882
7.0466437
7.184706
7.2491364
7.279015
7.317278
6.942952
6.7050686
6.8452406
6.6598706
6.6296334
6.714936
6.989012
7.0428667
7.1688986
7.0258946
6.7842655
6.881105
6.662627
6.664152
6.5020347
6.6153927
6.672889
6.5402465
6.5112343
6.322935
6.374825
6.233166
6.4410157
6.298704
6.5763855
6.687941
6.653262
6.7450256
6.5577602
6.4807262
6.458252
6.5562787
6.7283797
6.7183
6.801595
6.7416096
6.4958787
6.4885406
6.48804
6.504649
6.616036
6.475932
6.532662
6.5179386
6.6071587
6.5027256
6.5210533
6.5092354
6.358975
6.0863953
5.9316792
5.9358654
6.2219043
6.2214603
6.16194
5.9119415
6.039304
5.8888106
6.038476
5.9795647
5.9334087
5.7902384
5.771451
5.8438745
5.8402624
5.805628
5.703666
5.909836
5.975441
6.131007
5.9418144
6.0240455
6.049758
6.0059724
5.9924736
6.0142164
6.1838536
6.1406655
6.2460623
6.2647843
6.2976832
6.2760105
6.3000135
6.2881727
6.4766054
6.4121556
6.297224
6.240607
6.3272014
6.2984633
6.355011
6.456122
6.336317
6.410864
6.5117764
6.409731
6.403737
6.296585
6.304401
6.4603863
6.3994217
6.479889
6.507289
6.551366
6.5546346
6.5243216
6.4950533
6.5875793
6.2733893
6.3171315
6.1616983
6.178581
6.1470428
6.1287155
6.1718693
6.084687
6.1653214
6.114966
6.2717648
6.1953573
6.4942713
6.481484
6.5399427
6.5782466
6.5991626
6.6004725
6.5615144
6.6341085
6.497851
6.4378533
6.4263906
6.2846813
6.485813
6.22074
6.26276
6.278492
6.2308264
6.2215357
6.234806
6.2497354
6.204669
6.2351727
5.998045
6.089635
6.0536323
5.8426323
5.7261643
5.7347355
5.922755
5.9670234
6.097217
6.1934876
6.1801634
6.2320023
6.3091073
6.1922007
6.3257346
6.2887316
6.427057
6.3765664
6.4069986
6.323058
6.357247
6.4206123
6.2021
6.2127304
6.171063
6.1141753
6.010253
6.106782
6.0664783
6.0943155
6.1544013
5.9704494
6.0180817
5.8827295
5.8844213
5.77526
5.8952646
5.708531
5.6151443
5.3711967
5.4562283
5.1767974
5.1604505
5.2110558
5.054335
5.2965817
5.101526
5.197274
5.001348
5.430352
5.197222
5.189751
5.598122
5.4157586
5.400624
5.5067554
5.379436
4.9454203
4.8584027
4.409156
4.794913
4.462019
4.757676
5.0858626
5.011531
4.8783154
5.2040415
5.389705
5.365345
5.6834044
5.501883
6.013625
5.8065524
5.6502748
5.6091223
5.355885
5.209331
5.2249885
5.237985
5.306441
5.3652034
5.49846
5.5769143
5.8873324
6.0015745
6.177843
6.117344
6.206032
6.155316
6.3297653
6.3394794
6.391261
6.430602
6.3436065
6.190076
6.158799
6.2565784
6.25902
6.349229
6.4742537
6.51178
6.5240593
6.3862963
6.3934975
6.359403
6.373693
6.396245
6.4424944
6.349952
6.381197
6.2470565
6.113752
6.115491
6.023222
6.093311
6.1046023
6.2927413
6.306591
6.400547
6.403547
6.5277157
6.5122266
6.6753287
6.598436
6.6237254
6.628432
6.704253
6.548453
6.574308
6.4057236
6.2292824
6.254943
6.3957596
6.4985895
6.5856247
6.616755
6.5966372
6.5787916
6.4914308
6.3953905
6.4226356
6.503094
6.5920415
6.5832276
6.4154453
6.406016
6.330764
6.1145506
5.9962797
5.965032
6.0255804
6.2301016
6.22
6.268781
6.347662
6.3418965
6.259703
6.3557982
6.294615
6.3514533
6.303499
6.466116
6.391951
6.241413
6.2265673
6.0457644
6.0261497
6.163686
6.376052
6.43142
6.5376205
6.648199
6.801037
6.900766
6.9113326
6.822255
6.661639
6.588756
6.744107
6.6917024
6.6464267
6.5762153
6.3935766
6.1943727
6.154456
6.133146
6.109369
6.1518764
6.3814454
6.436342
6.5907745
6.5735946
6.5222893
6.511044
6.7532887
6.599283
6.7174115
6.766819
6.6498966
6.669018
6.4486017
6.4943995
6.6083207
6.811024
6.787
6.8328643
6.9259953
6.985616
7.0260134
7.0106325
7.0189986
6.933962
6.8435
6.7237306
6.6277037
6.679228
6.5307293
6.794151
6.5537443
6.4371285
6.09698
5.863072
5.872457
6.150052
6.168473
6.3028345
6.4760675
6.58851
6.675313
6.704622
6.6507716
6.713343
6.6247654
6.329507
6.2350388
6.2650647
6.045208
6.3015985
6.324784
6.192624
6.371173
6.345133
6.384026
6.4221888
6.3321886
6.463155
6.716266
6.8395247
6.761223
6.916788
6.877046
6.8248844
6.940286
6.860208
6.8361444
6.612106
6.5801105
6.4323792
6.292286
6.461742
6.7832603
6.9886346
7.2327394
7.231579
6.8753357
6.5153494
6.3497505
6.420021
6.321868
6.4918084
6.357249
6.113861
5.853275
6.053043
6.2851663
6.5549607
6.6927056
6.773257
6.700166
6.774268
6.8152533
6.835404
6.8024197
6.876264
6.871055
6.827993
6.8546567
6.5273957
5.9978924
5.98174
5.8599052
5.78576
5.9556766
5.559022
5.682576
5.712803
5.9389405
6.352917
6.639196
6.6447496
6.686509
6.44645
6.576314
6.7213693
6.778724
6.905433
6.966556
6.897904
6.8732486
6.8760133
6.6724577
6.951504
7.21548
7.4297614
7.469319
7.182453
7.2409453
7.2032485
7.357246
7.4117084
7.4684343
7.4809175
7.447076
7.2713737
7.4024897
7.342636
7.1155057
7.1553507
7.2374434
7.261108
7.081083
6.9549255
6.85659
6.946595
6.961417
6.915649
7.0058227
7.0437193
6.8155456
6.7369266
6.4429374
6.3990602
6.442051
6.4958744
6.2928915
6.401417
6.239426
6.173391
6.1556673
6.066861
5.922235
5.733468
5.782326
5.6249046
5.7569227
5.765749
5.7608037
5.8165913
6.095225
6.060098
6.194497
6.2271137
6.2576365
6.0305953
6.1403213
6.3153434
6.116021
6.153697
5.888548
5.7433724
5.543717
5.6398363
5.7309537
5.9859667
5.9007783
6.0394597
6.278602
6.1964474
6.37926
6.570768
6.4091907
6.39684
6.207702
6.461472
6.89425
6.928225
7.0548377
7.1024985
7.063356
7.0541487
7.18022
7.0574284
7.1590877
7.3174057
7.26137
7.303622
7.372896
7.5045767
7.4891806
7.395483
7.1451283
7.142423
7.2371283
7.4089923
7.2454743
7.119955
7.1595716
6.9716406
7.0363626
7.225826
6.9239798
7.019355
6.729524
6.747559
6.8843975
7.0903726
6.747588
6.530304
6.758637
6.771518
7.1100373
7.062703
7.3958306
7.514465
7.140006
6.83777
7.042381
6.909271
7.0197554
6.9165235
7.074723
7.228728
6.9779763
7.0145574
6.868117
7.0128913
6.814433
6.934694
6.689004
6.9806614
6.9503574
7.186838
7.1605678
7.228155
7.09715
7.162392
7.052389
6.9528193
6.8210344
6.787965
6.8658485
6.7584167
6.615793
6.3370185
6.265289
6.723058
6.7219925
6.881698
7.3980246
7.39135
6.9871235
6.56372
6.7492886
6.9254446
6.9687734
6.939966
6.975265
6.799166
6.618588
6.538373
6.479477
6.442215
6.1596975
6.089054
6.171198
6.210132
6.082627
6.4496303
6.492565
6.5638504
6.40331
6.1840243
6.2424364
6.4075
6.3166523
6.2559958
6.222685
6.2156773
6.400302
6.044581
6.066742
5.943727
6.373185
7.014102
6.8694005
6.9457226
6.799403
6.691685
6.6730275
6.707326
6.8562346
6.7872376
6.906878
7.054118
6.9279947
6.585682
6.6619925
6.499698
6.5786395
6.5176897
6.514887
6.6258826
6.751767
6.818737
6.8022385
6.7102604
6.643816
6.624264
6.2658057
6.1750655
6.3199987
6.3790865
6.5366306
6.537624
6.2158666
5.971124
6.154932
6.090937
6.061298
6.5068865
6.526742
6.623126
6.4254723
6.392494
6.423037
6.5118117
6.5442214
6.5784993
6.8617935
6.723692
6.659258
6.378682
6.261982
6.2575874
6.0570025
6.2773833
6.085255
6.2455726
6.4514995
6.367273
6.4157395
6.5953865
6.238063
6.1096725
6.148242
6.1797886
6.113697
6.0611615
6.1322713
6.073403
5.950996
5.817227
5.6999354
5.973626
5.725871
6.077331
6.4108105
6.5821967
6.312296
6.259128
6.3465514
6.515266
6.43859
6.443838
6.5920215
6.450645
6.4518366
6.40845
6.1539426
5.930193
6.0428867
5.8930154
5.828889
5.847657
6.1158333
5.930364
6.2469525
6.456918
6.392164
6.345697
6.389351
6.0584025
6.1614804
6.2743244
6.262359
6.27993
6.193014
5.8747463
5.6617336
5.6566663
5.5490165
5.665833
5.8825912
6.129217
6.20326
6.166593
6.1383615
6.536019
6.559756
6.3479166
6.445495
6.551723
6.231117
6.2486815
6.2372813
6.207554
6.085437
6.1381807
6.258209
6.359904
6.366068
6.3938007
6.331504
6.4336605
6.323773
6.070099
6.187752
6.354054
6.3208747
6.238113
6.4388266
6.5026336
6.20705
6.399483
6.0858636
6.0427036
5.9366174
5.942267
6.067053
6.394775
6.580799
6.4462333
6.1074433
6.6842246
6.6528635
6.7233486
6.6867857
6.659722
6.6975265
6.658636
6.4465594
6.3817453
6.3322105
6.6013236
6.39067
6.4366555
6.7515364
6.861314
6.825831
6.829906
6.754177
6.38996
6.434441
6.5193744
6.5600677
6.720526
6.6559954
6.462799
6.4683733
6.2315173
6.1419826
5.920884
5.7602706
5.962955
5.762708
5.8210635
6.4585323
6.4371605
6.2591267
6.0919275
6.37143
6.4420815
6.718148
6.7065363
6.6332164
6.6147537
6.4576926
6.4775224
6.3531704
6.3729906
6.3556547
6.4575877
6.8486614
6.6458435
6.9518437
6.717525
6.5791745
6.648162
6.531253
6.45681
6.6080995
6.4407096
6.583371
6.4818783
6.3159738
6.257951
6.1723146
5.9799414
5.883316
6.005339
5.939433
5.7705
6.36921
6.507499
6.332235
5.967164
