10000
8.672143
8.5193615
8.482331
8.586809
8.516898
8.540419
8.607798
8.539048
8.564197
8.622501
8.621479
8.638593
8.598977
8.726099
8.626979
8.67296
8.619069
8.604582
8.685425
8.728146
8.691207
8.706697
8.672779
8.749436
8.660518
8.789137
8.680889
8.759948
8.730479
8.727065
8.773401
8.725458
8.631827
8.626096
8.601937
8.600195
8.569542
8.670656
8.569255
8.614116
8.488083
8.428512
8.439943
8.400853
8.318671
8.161951
7.9847465
7.6861405
7.627514
7.68909
7.4411907
7.5283585
7.5203276
7.604109
7.503117
7.41798
7.343507
7.4722705
7.5439906
7.706183
7.826741
8.0654745
7.9300327
8.025829
7.9023523
7.743495
7.259802
6.800939
6.8195186
6.4485955
6.1445584
6.0001082
5.942751
5.8890333
6.080167
6.093111
5.982051
5.720167
5.6938267
5.2958503
4.914735
4.732559
4.8155537
4.8604307
4.8228955
4.795536
4.8101125
4.7931185
4.779752
4.7181997
4.7511635
4.8856306
4.82243
4.8716717
4.795732
4.88742
4.926789
2.4041564
2.450425
2.4088762
2.4549325
2.3384728
2.2961366
2.3049824
2.3813188
2.2256424
2.139929
2.2996585
2.355974
2.807298
2.9420624
3.0228555
3.0764697
3.011774
3.2804096
3.2659886
3.5876017
3.7225337
3.7045481
3.7192712
3.768139
4.1071515
3.9927752
4.100263
4.1332245
4.183588
4.3623023
4.388758
4.6091046
4.55644
4.7478437
4.9649067
4.9700766
4.9931755
4.9268827
4.7635355
4.52976
4.3091
4.151847
3.789891
4.4786067
4.648397
4.4354653
4.509515
4.624481
4.5186796
4.583614
4.461
4.428477
4.5258584
4.569629
4.7188935
4.5319285
4.6556945
4.6081324
4.8218517
4.8420463
4.9807796
4.9334173
4.7248373
4.709139
4.7870245
4.9948335
4.9342494
4.972662
4.9399223
4.860109
4.898903
4.95509
4.87974
4.8812237
4.8433237
4.8359766
4.799544
4.825362
4.821655
4.754788
4.8307095
4.745969
4.6659036
4.7508655
4.537545
4.381366
4.4959383
4.26705
4.144658
3.9780056
4.1844964
4.194276
4.0681806
4.3697233
4.3950286
4.50821
4.5136104
4.486397
4.6745434
4.8757243
5.030711
4.9570384
4.9710646
5.094513
5.110873
5.0827813
5.129107
5.157851
5.245016
5.13189
5.057497
5.0108685
5.05149
4.7172604
4.503891
4.507869
4.674412
4.75285
5.000677
4.3574505
4.643218
4.595225
4.6826506
4.662676
4.5270824
4.5372543
4.574668
4.506567
4.319015
4.4695234
4.348243
4.2777557
4.361862
4.2940617
4.30586
4.31723
4.290008
4.413963
4.326526
4.2149177
4.141557
4.1323276
4.264681
4.1338816
4.1662607
4.2244115
4.17887
4.211134
4.32386
4.323937
4.257183
4.335347
5.060426
6.09217
6.096494
6.1358466
6.230038
6.124574
6.1037235
6.2807713
6.2812014
6.31382
6.2566633
6.304752
6.408285
6.417968
6.3752112
6.3735147
6.4088645
6.4185734
6.52788
6.473586
6.48638
6.352551
6.5048323
6.6626353
6.613632
6.6458564
6.617445
6.6390953
6.669483
6.744944
6.752735
6.775352
6.785249
6.780801
6.7884865
2.1042612
4.14737
4.2502766
4.204721
4.198271
4.237214
4.0796995
4.013973
4.4164524
4.204661
4.5351834
4.406814
5.3303456
4.299026
4.4011455
4.05945
4.062495
4.2003503
4.189791
4.240636
4.3583493
4.361446
4.478709
4.4675
4.4431643
4.4950085
4.5728364
4.5287914
4.609032
4.50949
4.694818
4.4927664
4.3624043
4.2797446
4.2240148
4.326206
4.3877707
4.343087
4.49843
4.3722925
4.510585
4.4740376
4.447808
4.286039
4.3727784
4.3106422
4.315891
4.0491257
3.8962867
3.9940834
4.1634674
4.1299644
4.2174683
4.18033
4.103085
4.29834
4.430274
4.170765
4.2277575
4.296772
4.343187
4.558253
4.472336
4.651048
4.468508
4.7105503
4.6641626
4.8303995
4.7103004
4.8312893
4.7830095
4.8100996
4.858011
4.9651175
4.8974442
4.9013796
4.8586326
4.774229
4.872137
4.863859
4.647088
4.6783314
4.7810297
4.7141194
4.6471133
4.5197554
4.464145
4.4392457
4.4998217
4.5120897
4.445503
4.3203044
4.46453
4.4383144
4.4775352
4.4556546
4.6070886
4.521396
4.6256003
4.686665
4.5396023
4.4153643
4.4710126
3.3704796
3.3918197
3.727357
3.7638125
3.6890955
3.592647
3.622764
3.465677
3.5945477
3.4189043
3.4973998
3.4848473
3.5883858
3.6298845
3.631283
3.6032586
3.5769541
3.6120486
3.5899749
3.768879
3.7676988
3.876115
3.6872723
3.6240807
3.5283573
3.660348
3.6278358
3.6867065
3.579658
3.551359
3.363481
3.4334917
3.3413515
3.1456912
4.467271
4.4469614
4.530407
4.545311
4.679082
4.7118516
4.611328
4.7662125
4.6344366
4.707891
4.7373986
4.8276434
4.912903
4.884063
4.7663336
4.787054
4.849078
4.856193
4.756939
4.80612
4.7828026
4.83529
4.7895355
4.8301187
4.703517
4.832929
4.709645
4.7698617
4.7809014
4.7587833
4.7892714
4.8392735
4.7625413
4.864445
4.822826
4.7526855
4.7543364
4.866568
4.8274875
4.8738375
4.8614807
4.7316194
4.78967
4.8616853
4.8000855
4.839195
4.919281
4.827318
4.81211
4.796003
4.7283235
4.660729
4.6762743
4.8848763
4.8652797
4.750778
4.818264
4.688179
5.13037
4.9104986
5.009664
4.985749
4.861074
5.0048604
4.8531656
4.8645277
4.8379354
4.787546
5.0462985
5.116746
5.0929756
5.007465
5.1921616
5.305377
5.4003363
5.409905
5.3867297
5.380189
5.416683
5.564749
5.5429597
5.5529623
5.452877
5.472379
5.452414
5.2202425
4.940895
4.944801
4.9123654
4.831158
4.821686
4.6697264
4.6151857
4.6015196
4.549157
4.385277
4.374139
4.2219267
4.2469606
4.2207556
4.18429
4.2299676
4.308421
4.21498
4.0444074
4.107207
4.1524696
4.341821
4.33081
4.465334
4.5126767
4.4602757
4.434696
4.4268456
4.3805656
4.382285
4.317293
4.2685328
4.3355107
4.3515267
4.3743854
4.388978
4.3510914
4.300505
4.3680058
4.427117
4.4336777
4.3027015
4.221488
4.148449
4.184039
4.0654454
3.9964738
4.007111
3.9401672
3.8639586
3.8713722
3.8451502
3.8713188
3.7930222
3.9963665
3.8589156
3.8991883
3.822876
3.9759243
3.8618536
3.8465872
3.8422892
3.8269
3.8390913
3.866378
3.9861653
4.054073
3.9774315
3.8105474
3.7500274
3.5804794
3.6988046
3.6792507
3.5594409
2.9331117
2.493545
3.1752641
3.3097856
3.44644
3.7949266
3.7179315
3.685794
3.7049427
3.680702
3.6382892
3.6647098
3.7275174
3.6895049
3.861485
3.9127002
3.8684373
3.8476143
3.8379016
4.01538
3.8935106
3.8546538
3.8010821
3.7917442
3.8562012
4.120345
4.377229
4.3807483
4.3878703
4.15205
4.2054167
3.982488
4.081793
3.8672183
3.8263469
3.9942737
4.0480614
4.0450926
4.1158013
3.8814206
4.212387
4.1433434
4.19873
4.3131895
4.374628
4.531248
4.4159765
4.5027046
4.313088
4.1147966
4.1426306
4.2207465
4.394558
4.298173
4.481708
4.814969
4.934729
4.846755
4.882972
4.966631
4.853289
4.7408714
4.7288003
4.6523514
4.447216
4.249983
3.900301
4.314195
4.28158
4.424594
4.4577737
4.382727
4.234835
3.9843562
4.318238
4.9189954
4.8842406
4.808565
4.587133
4.066684
3.7284603
3.852116
3.592686
3.5113564
3.9703648
4.293805
4.2155323
4.425914
4.4591727
4.3025556
4.2492733
4.0416713
3.861044
3.9163387
4.002121
4.2490196
4.2350106
4.836726
5.3427563
5.2584114
5.62522
5.5009875
4.831628
4.350179
4.3486753
4.6007404
4.6238065
4.680668
4.6215453
4.647031
4.7090597
4.7080474
4.6970778
4.702677
4.6416698
4.749596
4.635238
4.6933446
4.574725
4.609916
4.5507145
4.6378407
4.505167
4.4487796
4.101259
3.6497128
3.6131253
3.58342
3.5331829
3.708131
3.568995
3.4979599
3.22893
3.1885104
3.241279
3.2539039
3.2718313
3.3650813
3.3002863
3.3832726
3.3539085
3.346743
3.3132684
3.3797503
3.293143
3.2769103
3.2550156
3.3300042
3.2407403
3.1749332
3.157083
3.160908
3.281551
3.1990657
3.1271448
3.1070127
3.1485183
3.2648404
3.2054274
3.1972194
3.255
3.314926
3.2590375
3.428401
3.5121393
3.4553628
3.4094455
3.4214725
3.4217458
3.3547854
3.4243708
3.4234917
3.471939
3.461441
3.4516313
3.5444648
3.568401
3.4372284
3.6548922
3.7177243
3.954062
3.8945804
3.595919
3.4105074
2.705426
3.1136503
3.1395724
3.0391755
3.0975296
3.0429327
3.1620986
3.0893998
3.1075883
3.0601263
3.0416517
3.1255841
3.0266554
3.2171187
3.0669897
3.0732286
3.0506809
3.0711503
3.0990803
3.1080532
3.025154
3.098084
3.2100997
3.0248747
3.073191
3.1776855
3.0665586
3.0609233
3.120455
3.148306
3.1203163
3.004432
3.0272825
3.0118892
3.0892472
3.0819814
3.1581929
3.0377824
3.126623
3.0643275
3.125225
3.0185275
3.06975
3.0364954
3.1296182
3.1259856
3.1482334
3.142707
3.1143198
3.1725461
3.097037
3.0761154
3.155343
3.2261353
3.2348137
3.1566334
3.111957
3.2149386
3.1322029
3.1938004
3.0662744
3.1138012
3.1150758
3.118371
3.1349404
3.1530042
3.1754892
3.1569538
3.1752641
3.2330463
3.1881087
3.1187103
3.128181
3.1517544
3.1577103
3.0718973
2.8130622
2.8794687
3.166741
3.2761333
3.3505797
3.406097
3.4411383
3.4402213
3.1827207
2.935559
2.9198062
2.8896048
2.9102364
3.138104
3.1147256
2.9065125
2.8769498
2.7474544
2.9518027
2.9159195
3.2884634
3.3829727
3.5680196
3.865264
3.885248
3.4733474
3.4792264
2.981209
3.0849094
3.4231267
3.4697573
3.4861233
2.8534033
3.1029253
3.0873516
3.2775307
3.3328013
3.635617
3.3713083
3.4092212
3.493124
3.3707423
3.4415174
3.7700586
3.6604474
3.8640063
3.9194784
3.879839
3.882248
3.7069178
3.54583
3.6260943
3.1823475
3.4761376
3.801614
3.618667
3.593833
2.942417
3.1307385
3.0459812
2.9667072
3.2533433
3.2541392
3.3405993
3.7839835
3.0631483
3.1848896
4.360018
3.817604
3.563189
4.103218
3.980983
4.317417
4.850286
4.5950575
4.3866944
4.511462
4.4154897
4.5622535
4.3094597
4.0800633
4.185866
4.1325507
4.258145
4.2742605
4.305751
4.3236613
4.4895687
4.164354
3.884088
3.8462753
3.806179
3.745443
4.063026
4.0843797
4.2138186
4.0894322
4.2936397
4.4825163
4.37106
4.072176
4.2149734
3.7716105
3.5340333
3.7659917
3.552283
3.4544559
3.4977274
3.573179
3.51799
3.6487703
3.7472305
3.6122901
3.7493234
3.5564632
3.5721912
3.487386
3.3459837
3.4607532
3.5290844
3.666543
3.6653757
3.6708944
3.7251902
3.7192607
4.0587897
3.9980972
3.9237888
4.01933
4.0060625
4.0625
4.1379914
3.9663486
4.0172997
4.034074
4.107865
3.9677467
3.9935975
3.884223
3.9182003
3.830766
3.816817
3.9028635
3.8742313
3.761994
3.6542072
3.7064226
3.7849529
3.7987847
3.808487
3.677593
3.7477415
3.7434096
3.9898553
4.0200324
4.118071
4.0182033
4.1462517
4.1105614
4.1015816
4.014326
4.0594225
4.061182
4.059859
4.019453
2.0740843
1.8916974
2.1784132
2.017536
1.8144672
1.8347986
1.9067812
1.9733008
2.0349615
2.1006675
1.9763323
2.3788636
2.710908
2.5046983
2.5042505
2.3959725
3.0163772
3.1260524
3.4250333
3.5242407
3.412132
3.5522587
3.697504
3.7459779
3.7456949
3.8586538
3.9397466
4.037729
4.061417
4.1594667
4.123731
4.215669
5.019048
5.0784426
5.274712
5.3817024
5.2631655
5.190112
5.182358
5.2917676
5.315648
5.3547287
5.3856497
5.1689563
5.3016148
5.3425174
5.3541446
5.631096
5.714007
5.7847257
5.7375207
5.7620096
5.415367
5.127308
4.7320876
4.4001884
4.400301
3.9601333
3.7629042
3.689723
3.6919317
3.6785479
3.9439468
3.9070086
3.934742
4.1000156
4.066959
4.2099786
4.356158
4.466243
4.6968536
4.664714
5.0210285
4.8506317
4.9848156
5.2811227
5.3130617
5.332661
5.53722
5.576076
5.4239087
5.5114603
5.470194
5.392119
5.456831
5.1676197
5.1726575
5.2799664
5.398144
5.3379683
5.3054566
5.5068393
5.4457912
5.564898
5.5037403
5.4483876
5.3067765
5.409813
5.455656
5.492649
5.4564304
5.3748894
5.4100437
5.3730865
5.376312
5.358304
5.36886
5.349442
5.357076
5.529427
5.471957
5.677723
5.523014
5.611106
5.5659285
5.5363235
5.482869
5.531123
5.2983255
5.3173504
5.218777
5.2268825
5.1243577
4.94636
4.995313
4.950075
4.9027977
4.920646
4.9377503
4.931763
4.834735
4.831913
4.793503
4.83193
4.96155
4.975769
5.003186
5.066072
5.182072
5.109164
5.2641945
5.2335424
5.258089
5.2670207
5.4464025
5.647642
5.665677
5.682661
5.8644032
5.8404374
5.9101896
5.91599
5.968446
5.9742727
5.933002
5.898118
5.93789
5.986395
5.7804546
5.8464866
5.798862
5.808611
5.7447047
5.8853054
5.7325387
5.7901163
5.8809404
5.9265246
5.983785
5.913757
5.903619
5.7379203
5.8665056
5.811683
5.7419
5.7532783
5.7642016
5.753544
5.6437387
5.792025
5.722237
5.724446
5.7439814
5.627378
5.662859
5.832127
5.674
5.930127
5.868584
5.9471927
6.1042027
6.1247554
6.115045
6.158857
6.232831
6.1265793
6.224008
6.113933
6.2459364
6.104595
5.982181
5.934175
5.743211
5.740776
5.7940135
5.8393936
5.706691
5.7657704
5.9202557
5.7539597
5.79574
5.7364655
5.685208
5.6874967
5.7631283
5.811923
5.7616515
5.827071
5.9054904
5.8289886
5.7905602
5.8073645
5.947647
5.9990005
5.9824185
6.080788
6.1056705
6.1154203
6.0301805
6.0455303
6.011735
6.069978
5.997247
6.0937605
6.0932302
5.944099
5.9068875
6.013022
6.07824
5.872279
5.8887086
5.9289393
5.8885856
5.85261
5.9267006
5.9376364
5.9552445
5.91313
5.7941637
5.698534
5.711299
5.7561164
5.582821
5.654486
5.78718
5.7415504
5.834413
5.8353734
5.809666
5.9309416
5.8157887
5.840535
5.8937564
5.747284
5.9165387
5.804803
5.836603
5.8363113
5.8021975
5.8913684
5.832069
5.8760595
5.8424993
5.8736205
5.9146714
5.9608665
5.9446406
5.9703455
6.1028414
6.0386305
6.006873
5.919261
5.9232407
6.103105
6.062347
6.101564
6.1079354
6.045295
6.0767856
6.1756797
6.13466
6.1564684
6.164297
6.1080794
5.9987373
5.984
5.953961
5.847328
6.032502
5.8719044
5.847061
5.9218764
5.9797335
6.014505
5.7347093
5.883764
5.890847
5.804778
5.924271
5.8428926
6.051405
6.017034
5.976095
5.969357
6.1377234
6.02893
5.957632
6.08457
5.9810486
5.9419303
6.1430645
5.97176
6.020458
6.0384254
6.0181026
6.0630984
5.9641185
6.000256
5.9289026
5.895943
6.035343
5.9114537
6.112302
5.8831286
5.9021544
5.9944763
6.0500855
6.1199937
6.1304483
6.0342307
6.1073246
6.1202717
6.122664
6.0661
6.2199945
6.1649075
6.2471004
6.111573
6.1801243
6.0513825
6.1506786
6.0972743
6.2294354
6.1884584
6.165804
6.293484
6.210729
6.269758
6.0311904
6.0374575
5.887634
5.9368916
5.937572
5.9353514
5.858868
5.922511
5.881327
5.981718
5.990204
5.960154
5.8264437
5.7662497
5.697115
5.647378
5.520434
5.506405
5.631546
5.5145483
5.3794904
5.663143
5.7017765
5.638063
5.777525
5.852756
5.878779
5.8541775
5.8686686
5.9463725
6.040319
6.318676
6.25821
6.2756977
6.302533
6.189841
6.2122836
6.0588527
6.037981
5.9826055
5.900488
5.93668
6.1799803
6.1000075
6.1720757
6.1364517
6.07264
6.0648203
6.018855
6.0613337
5.920088
5.968949
6.0773706
6.036636
5.8363137
5.5186243
5.6240587
5.4849086
5.5105505
5.471462
5.4270654
5.4999213
5.5394144
5.4974127
5.570198
5.6853895
5.827621
6.1056156
6.2770796
6.07294
6.1342425
6.108481
6.2544684
6.1111293
6.0461607
6.0649023
6.100057
6.4419003
6.4756804
6.4069757
6.4618397
6.354658
6.4403152
6.301566
6.2806716
6.2346826
6.1393604
6.177972
6.173744
6.1370344
6.3475533
5.7260685
5.570691
5.524652
5.5871506
5.594662
5.747696
5.7875776
5.899497
6.0996
5.8614464
5.859429
5.801311
5.7846513
6.134412
5.9086895
5.7004614
5.8105307
5.9358687
6.186898
6.4282393
6.112964
6.0252056
6.0191283
5.7261057
5.4561086
5.212885
5.065478
5.0552125
5.1550446
5.184157
5.2092814
5.3775206
5.489546
5.688382
5.7337403
5.45802
5.1913075
5.1796336
5.296647
5.4977574
5.256574
5.2228093
5.3060794
5.3135014
5.5082946
5.634925
5.672681
5.745088
5.788979
5.9038873
5.6044717
5.640613
5.530183
5.480283
5.5584693
5.55213
5.4533434
5.535385
5.4923553
5.5644126
5.6029882
5.701061
5.9321384
5.8652525
6.0500736
6.002686
5.7534485
5.6384606
5.358576
5.2820854
5.1541576
5.1812434
5.14969
5.275057
5.2351704
5.3624063
5.318519
5.260879
5.3732367
5.416321
5.322874
5.1578994
5.1414375
5.086038
5.102563
3.8044877
3.8510423
3.8620791
3.846112
3.8615499
4.004774
3.9542413
3.8217099
3.83519
3.887368
3.9442472
3.911828
3.9522624
3.854302
3.730134
3.481019
3.6296868
3.6036572
3.427318
3.3927374
3.4870398
3.5453362
3.594327
3.6727152
3.9157615
3.986513
4.436079
4.436421
4.139288
4.046637
3.4442775
3.4234133
3.3262346
3.6583233
3.730113
3.6243994
3.6461372
3.6916323
3.5900877
3.8248005
3.9314444
4.067376
4.1274147
4.1214714
4.261606
3.9419029
3.8909276
3.904827
4.003655
4.007285
4.0845704
4.03439
4.237235
4.07648
4.2170258
4.124845
4.0978594
4.081046
4.255425
4.115763
4.1740713
4.1483397
4.180312
4.185046
4.196896
4.158876
4.2485905
4.1694565
4.2249646
4.1497903
4.2426057
4.2211404
4.2968435
4.2316003
4.2904654
4.234384
4.2910433
4.2170677
4.2830243
4.202334
4.3035107
4.254013
4.3325963
4.1831255
4.3050604
4.2317443
4.317279
4.2447433
4.3499203
4.3215656
4.3737946
4.311804
4.386606
4.321658
4.391063
4.2952495
4.2789106
4.261941
4.319617
4.28773
4.3656244
4.307584
4.3500633
4.285198
4.2895613
4.2717376
4.30789
4.281861
4.322218
4.270068
4.28566
4.247861
4.2649283
4.237873
4.252632
4.2482986
4.286939
4.232383
4.2357755
4.2291923
4.2334948
4.25676
4.239058
4.251838
4.2666245
4.302532
4.280894
4.2830863
4.3015566
4.276064
4.2617073
4.2948494
4.259747
4.2818727
4.2693024
4.2951856
4.2845564
4.308959
4.281789
4.26188
4.2541723
4.235549
4.242505
4.282229
4.3002033
4.3153996
4.2980413
4.286756
4.3154616
4.3174396
4.260579
4.3274975
4.2619686
4.307515
4.277142
5.038726
4.6139536
4.665531
4.742067
4.658406
4.7473598
5.108364
4.9633565
5.2254853
5.2482834
5.3601804
5.347874
5.4410253
5.33837
5.468053
5.3768244
5.494903
5.328807
5.4660416
5.3650203
5.436915
5.382889
5.550928
5.310255
5.466943
5.3855815
5.408428
5.564769
5.484434
5.5194907
5.536327
5.7611065
5.6529603
5.821944
5.7456017
5.831286
5.8917546
5.8442984
5.9170213
5.9323974
5.974902
5.9076576
5.94233
5.907077
5.8653836
5.909475
5.950806
5.87786
5.975962
5.9726377
5.9723573
5.9965515
5.981657
5.939136
5.947521
6.0688925
6.007166
6.0658665
5.969431
6.0625114
5.9999723
6.0746026
6.0221634
6.0980062
5.928371
6.0517974
6.0828776
6.129437
6.0219417
6.228859
6.1537247
6.2356706
6.1793776
6.1257524
6.2380986
6.1331897
6.284765
6.3194532
6.246401
6.2124786
6.2421412
6.3509507
6.2211795
6.23597
6.268822
6.2623563
6.192905
6.2312226
6.2896624
6.252176
6.219731
6.1875067
6.1567097
6.1483016
6.0827208
6.1491947
6.0442724
6.06015
6.0074873
6.0927606
6.131033
6.1185093
6.1075053
6.14875
6.2382894
6.0841827
6.1719627
5.986234
5.9454966
5.951242
5.728727
5.849075
5.705716
5.6472335
5.8701043
5.9644575
5.7305217
5.959673
5.606432
5.3936133
5.314818
5.242766
5.210003
5.2624526
5.602974
5.5113316
5.5558043
5.4751234
5.228484
5.324277
5.672058
5.5430303
5.634876
5.520763
5.5437427
5.8034763
5.624376
5.876194
6.1906815
6.131833
6.194945
6.196936
6.118476
6.0792985
6.1152515
6.082713
6.143894
3.898001
4.011875
3.8410747
3.9493387
3.9926062
3.8738513
4.0167494
4.1015363
4.12132
4.2237597
4.132766
4.2371793
4.33686
4.4515357
4.4831514
4.5431724
4.52275
4.6133156
4.5011997
4.532393
4.7347217
4.7030044
4.838019
4.915066
4.8942347
4.9047394
5.0813527
5.158914
5.2361727
5.3842874
5.2491026
5.314689
5.352887
5.289511
5.3529587
5.3983955
5.3487763
5.362434
5.3535147
5.3747044
5.3112135
5.36675
5.5477695
5.5004764
5.4586105
5.5295606
5.5546017
5.463869
5.4414034
5.317949
5.378717
5.4451876
5.3903484
5.4581184
5.4281445
5.422816
5.4665194
5.479979
5.4415226
5.354584
5.3888965
5.3170986
5.441008
5.422138
5.4793925
5.455522
5.369834
5.3259187
5.2093687
5.229277
5.20778
5.2570763
5.3236904
5.306706
5.3506346
5.245307
5.2438774
5.310912
5.3170986
5.3748426
5.3169045
5.2455597
5.1735363
5.132763
5.2021246
5.2600007
4.9256525
5.1040606
4.9996996
5.1125975
5.038316
5.163248
5.0680237
5.040733
5.008073
4.982916
5.071655
5.010759
5.022986
5.059635
5.0112767
5.049635
5.1531525
5.038601
5.1554794
5.0473285
5.0195694
5.2238326
5.036621
4.989998
5.044698
5.151522
5.212268
5.109359
5.232016
5.011453
5.114435
5.1722403
5.281608
5.2508035
5.272698
5.2908545
5.2775807
5.345386
5.454276
5.6442227
5.7345915
5.643771
5.638874
5.6245823
5.737388
5.527652
5.437304
5.529892
5.4531007
5.692793
5.7319503
5.7177854
5.6105847
5.696982
5.7790146
5.6478696
5.8798866
5.8108854
5.7970304
5.7652698
5.7426467
5.7030787
5.7909017
5.790928
5.6980333
5.8037615
5.75725
5.707823
5.569623
5.733471
5.643192
5.8109503
5.5891066
5.7247767
5.6343937
5.7610555
5.6681356
5.678404
5.639866
5.6756363
5.692819
5.8109283
5.709921
5.7888145
5.6386456
2.4623463
2.5901089
2.4444923
2.5480642
2.3481736
2.4711392
2.55061
2.5345042
2.521638
2.4483361
2.558341
2.547592
2.4489589
2.4159846
2.4568362
2.463601
2.4376426
2.4542055
2.4238484
2.4111779
2.452057
2.3897161
2.4165707
2.384839
2.3254726
2.3696709
2.40115
2.399878
2.2592914
2.3851352
2.3383021
2.3830209
2.250691
2.3758795
2.4224923
2.407009
2.258326
2.3839245
2.3756123
2.475013
2.3316584
2.5058818
2.4802392
2.492816
2.446876
2.6117282
2.502875
2.6364832
2.716805
2.6656857
2.8650348
2.8484573
2.917672
3.0567634
3.374776
3.856949
4.1692057
4.3390293
5.0248137
5.069122
5.119765
5.0940003
5.102399
5.184588
5.1426835
5.446136
5.462574
5.623023
5.601955
5.5875463
5.7942533
5.5714684
5.639272
5.6844234
5.749626
4.7342777
4.788559
4.719768
4.8276377
4.8535156
4.970169
5.0589848
5.045889
5.059285
5.1551056
5.2086973
5.3582845
5.3779297
5.3914065
5.4098663
5.5617323
5.525367
5.653098
5.545126
5.6774807
5.5929666
5.780166
5.928342
6.0456686
6.204163
6.3490205
6.259368
6.1674585
6.29166
6.1182165
5.966848
5.93369
5.891407
5.9598923
5.927788
5.8355203
5.7283654
5.807413
5.808874
5.865176
5.8367524
5.830074
5.937954
5.769749
5.856494
5.7906623
5.761145
5.8054533
5.7346983
5.6853933
5.621109
5.492139
5.4353943
5.298196
5.1788883
5.129343
5.0908494
5.059059
5.167606
5.104616
5.117376
5.124525
5.201186
5.1314254
5.134203
5.081681
5.048167
4.993267
4.9545875
5.0373297
5.048383
4.9959235
5.089291
5.055663
5.011945
5.0363307
5.050422
5.0332065
5.132173
5.0872593
5.094292
5.101378
5.077463
5.099457
5.1306114
5.228134
5.2858586
5.2436523
5.220083
5.2561483
5.2452946
5.1685348
5.1888103
5.1289124
5.1387978
5.1783566
5.2389455
5.2169347
5.305493
5.231559
5.284968
5.230037
5.2938375
5.2835217
5.2941585
5.314394
5.3249865
5.279747
5.314707
5.25334
5.221491
5.2916374
5.2235165
5.3095293
5.3138933
5.2656245
5.2939787
5.413493
5.3456473
5.368146
5.4369445
5.4009643
5.4152923
5.460705
5.3950987
5.377522
5.349425
5.351117
5.3424954
5.4416313
5.416652
5.4150715
5.5403314
5.411954
5.531716
5.5475864
5.592917
5.590574
5.6145806
5.6365724
5.6218677
5.624476
5.609463
5.6342483
5.6970253
5.7121677
5.6684494
5.671853
5.645183
5.6084676
5.65394
5.602168
5.684716
5.6244917
5.616669
5.67198
5.6430807
5.5836425
5.659745
5.5926857
5.6960125
5.7096376
5.711936
5.7244
5.723285
5.7495093
5.643335
5.5820737
5.5946617
5.5388584
5.402216
5.316702
5.298036
5.342306
5.322922
5.1611633
5.2826805
5.1828337
5.2464876
5.283016
5.28288
5.260695
5.191633
5.163987
5.147242
5.244736
5.2236457
5.1986938
5.0516825
5.1873713
5.1911116
5.229529
5.0247903
5.0768228
5.100257
5.1649885
5.080895
5.2624593
5.2262897
5.2416983
5.4645367
5.3437953
5.327629
5.408864
5.3302135
5.398367
5.375223
5.396679
5.39106
5.411449
5.3680935
5.4279265
5.389036
5.4750977
5.3982
5.495222
5.464046
5.364012
5.296575
5.3458304
5.298166
5.2236524
5.080536
5.2105107
5.140825
5.2584906
5.1581197
5.1334586
5.1985598
5.2275085
5.222597
5.0768423
5.1342783
5.1020937
5.1241097
5.1185536
5.137123
5.2024894
5.264152
5.0621877
5.0514784
4.985981
5.176644
5.187559
5.046956
5.251422
5.308474
5.4044476
5.5566206
5.7024784
5.8117275
5.8088355
5.8637786
5.895853
5.9804482
5.9816074
5.9783983
5.96105
5.977229
5.9749203
5.9982142
6.0047197
6.020397
6.060748
6.0992203
6.190503
6.0945487
6.36988
6.1199408
6.418272
6.1324177
6.214055
6.1975293
6.199525
6.365092
6.337519
6.3494487
6.222556
6.30988
6.151454
6.2118096
6.169878
6.1892023
6.1499023
6.171785
6.153375
6.191622
6.181067
6.209794
6.225704
6.136823
6.266986
6.1964736
6.2191606
6.159204
6.281501
6.195171
6.2168255
6.1507573
6.193678
6.1164074
6.2027493
6.1446414
6.13717
6.196458
6.1344037
6.146252
6.1057434
6.1327243
6.1270113
6.1061316
6.0502768
6.123312
6.117379
6.112327
6.0928316
6.0485535
6.0793185
6.0420814
6.0018277
5.9606357
6.1113276
5.9286723
6.077784
5.9924874
6.111532
6.0332026
6.066712
6.0327597
6.1465197
6.0955586
6.1573625
5.917349
5.9230685
5.7134933
5.6605563
5.5738235
5.520535
5.565392
5.3791113
5.273377
5.1379967
5.08827
5.1434193
4.9877887
4.949099
4.840016
4.88573
4.850916
5.011695
4.771765
4.9170074
4.781346
4.8078537
4.939999
4.9082136
4.9488635
4.9430532
4.924368
4.913881
4.90908
4.931409
4.8969817
4.8783507
4.864704
4.860349
4.908863
4.875843
4.939095
4.9408164
4.9495993
5.0121093
5.002769
5.101047
4.966128
5.0970287
4.937186
4.987203
4.974789
5.004655
4.945983
4.9937077
4.9210067
5.007268
4.948012
5.0120835
4.92006
5.045588
4.9945025
5.0701714
4.958949
5.0082498
4.9973183
5.0156984
5.026122
4.935893
4.9902983
5.007818
4.959423
4.9977336
4.968063
5.0123367
4.991089
4.996825
4.9817934
4.9647045
4.986468
4.9464736
4.975139
4.9379835
4.9881053
4.897862
4.930126
4.9015255
4.944373
4.876522
4.9292994
4.8894444
4.9054503
4.923994
4.896294
4.8859076
4.9446507
4.946024
4.8551054
4.9136267
4.9160395
4.902041
4.9379888
4.950641
5.032507
5.1252227
5.256105
5.2015224
5.32728
5.2936954
5.360683
5.2703824
5.299294
5.146266
5.0877905
5.0705757
5.212256
5.189269
5.1668487
5.1490316
5.312583
5.2442913
5.2095175
5.148988
5.2120337
6.530769
6.452896
6.5037155
6.351065
6.3027034
6.212115
6.150415
6.2174673
6.1448255
6.124959
6.033977
6.0728054
6.042496
6.0785127
5.906901
5.966169
5.9001536
5.9545155
5.8857327
5.8996477
5.8693657
5.93291
5.873521
5.9005055
5.8966894
5.9706297
5.8953414
5.974265
5.865637
5.952172
5.8647537
5.9596734
5.842061
5.9296045
5.8155136
5.8973303
5.8991714
5.923124
5.8567204
5.911291
5.85942
5.9104223
5.8783617
5.894066
5.8801746
5.924411
4.942903
4.889064
4.8744345
4.9173117
4.9592195
5.0297136
5.083474
5.1652904
5.145493
5.09823
5.1559944
5.005546
5.2334676
5.0572367
5.2652583
5.067362
5.246409
5.080228
5.2514853
5.1005807
5.252147
5.1118536
5.2743883
5.144057
5.304838
5.1491866
5.295931
5.179925
5.332627
5.179258
5.24088
5.107087
5.3263087
5.1117783
5.25073
5.092812
5.294517
5.153205
5.294523
5.1452
5.2701507
5.130127
5.2756777
5.11566
5.2892227
5.1031637
5.306424
5.1111913
5.2682266
5.145305
5.3142047
5.1302547
5.3080454
5.084306
5.315822
5.09024
5.321495
5.0590005
5.329543
5.0937138
5.380046
5.175458
5.354488
5.169381
5.3322353
5.2277255
5.358361
5.186349
5.3079
5.230187
5.297017
5.246614
5.32197
5.193096
5.387244
5.2371387
5.3624816
5.2274523
5.359815
5.1584096
5.3316708
5.1292467
5.319703
5.1052265
5.2008014
5.1235223
5.2103276
5.1093616
5.2777834
5.1067977
5.317623
5.0897737
5.2849655
5.130526
5.2571435
5.1466
5.3607583
5.14472
5.345377
5.1846294
5.3420196
5.210342
5.3588552
5.2409353
5.3363585
5.1967096
5.289714
5.2071447
5.2648993
5.2291346
5.2803354
5.2177854
5.300188
5.246154
5.2712326
5.223258
5.220291
5.1923256
5.254793
5.1952863
5.220835
5.1888776
5.3107786
5.228039
5.206666
5.1315265
5.16054
5.1466823
5.185031
5.1386547
5.191396
5.1800213
5.175892
5.1554656
5.1853557
5.1354065
5.172065
5.1500845
5.199246
5.1621757
5.1495
5.089131
5.137584
5.095283
5.127896
5.089804
5.152091
5.082161
5.137002
5.090047
5.1601763
5.113258
5.211734
5.220775
5.2263384
5.209995
5.1901264
5.15797
5.18451
5.161565
5.168912
5.2036843
5.1633334
5.2311215
5.1697927
5.2253647
5.1823587
5.248049
5.1855326
5.2089014
5.1297197
5.1952477
5.1868052
5.1831193
5.1524916
5.1906157
5.1218357
5.1607246
5.158557
5.1707134
5.1277995
5.13462
5.1605616
5.1362596
5.1345725
5.1869483
5.148186
5.1312723
5.137171
5.122274
5.13288
5.14538
5.141501
5.1356773
5.128132
5.150526
5.1326156
5.142064
5.132504
5.136749
5.1667633
5.143334
5.1921353
5.1654983
5.164911
5.1752243
5.140229
5.1353765
5.143401
5.2156324
5.188371
5.225746
5.196073
5.1930666
5.234753
5.1884813
5.2862773
5.9863396
5.964779
5.813373
5.7949085
6.062782
5.8690796
6.0348682
5.8906927
5.948563
5.9527717
5.957698
5.991678
5.971323
6.0080237
5.9548464
6.0005217
5.950721
6.01355
5.98193
6.0061345
5.9422164
5.9978228
5.915705
5.9758887
5.928139
4.7576656
4.7030573
4.6963053
4.583598
4.71611
4.5449324
4.719859
4.644487
4.814353
4.5753317
4.600587
4.6684117
4.764145
4.5265894
4.516286
4.6277943
4.7483697
4.543603
4.6707926
4.5832667
4.7731853
4.5315976
4.5398936
4.5963397
4.765751
4.611447
4.6021023
4.5946636
4.588437
4.583618
4.655408
4.542328
4.641216
4.541652
4.6137056
4.524807
4.5774164
4.548254
4.6262984
4.548201
4.589433
4.6254215
4.541557
4.6059604
4.5297174
4.4939685
4.52312
4.472097
4.5312395
4.3830404
4.489066
4.309143
4.406036
4.297049
4.4551377
4.365131
4.315133
4.5002875
4.312731
4.542734
4.1613936
4.2756968
4.2155056
4.1618237
4.117661
4.1058455
4.252267
4.2397504
4.119906
4.169215
4.194009
4.3859673
4.2585673
4.3434405
4.454791
4.501344
4.6773205
4.6818876
4.733438
4.6928654
4.6624346
4.744166
4.714198
4.7171445
4.7281
4.8883486
4.9067035
5.0275607
4.9199204
5.050938
5.1323643
5.1108613
5.2188907
5.2198286
5.22964
5.2820935
5.385366
5.3648887
5.4477553
5.427927
5.614578
5.521182
5.7228913
5.555374
5.6513205
5.599588
5.6152883
5.6960216
5.6313324
5.786472
5.614131
5.6783433
5.679042
5.7395725
5.677906
5.8422375
5.735608
5.8099236
5.763436
5.8867955
5.8311543
5.941627
5.785291
5.8945513
5.851817
5.958726
5.8116426
5.91678
5.8807974
5.9414234
5.8548737
5.9882255
5.895718
5.92044
5.9077015
5.9643826
6.049117
5.935363
6.124979
6.039609
6.182816
5.988913
6.2297764
6.0640078
6.2390337
6.093521
6.247772
6.1005487
6.2530456
6.177438
6.28129
6.108783
6.1231084
6.0844607
6.101785
6.0962725
6.06108
6.0113616
5.946919
5.8443494
5.699413
5.729507
5.6491966
5.6178913
5.5549197
5.5086985
5.495682
5.542909
5.630285
5.5114603
5.588328
5.641965
5.6151004
5.6196775
5.6328144
5.5550914
5.683383
5.639318
5.6932244
5.663492
5.705356
5.5865736
5.638115
5.584985
5.60697
5.5755663
5.5916376
5.611072
5.593043
5.6386447
5.582509
5.6508417
5.5742784
5.7038994
5.5668836
5.641631
5.5303707
5.587541
5.5221515
5.5684094
5.4645815
5.5401387
5.5175533
5.483417
5.587893
5.4181004
5.541075
5.360624
5.5049114
5.347555
5.4383407
5.391421
5.3517118
5.4059134
5.4199343
5.4283104
5.38913
5.397227
5.378398
5.402658
5.43756
5.3922997
5.4144073
5.4358478
5.3279567
5.3303685
5.2916565
5.237181
5.2473063
5.2809734
5.2343364
5.1975865
4.99513
5.1523037
5.0757318
4.9058547
5.13309
4.8826046
5.1297717
4.8547864
5.083984
4.805765
5.015912
4.8823643
4.9246154
4.8346386
5.0200486
4.846117
5.0272098
4.7736588
4.987857
4.7897825
4.9275827
4.807305
4.946714
4.8626595
4.936535
4.7795534
4.891803
4.7628756
4.9183645
4.7661324
4.844658
4.774136
4.8131227
4.707229
4.818559
4.769145
4.8621707
4.783967
4.8475122
4.7554855
4.781135
4.756715
4.803637
4.7768526
4.7366357
4.7126913
4.741819
4.7478914
4.701048
4.7088294
4.7480764
4.7223434
4.7407527
4.695918
4.675273
4.66064
4.6968784
4.7232246
4.744763
4.75512
4.770318
4.7996464
4.742125
4.8183537
4.7586846
4.8137674
4.746357
4.8505445
4.7340364
4.827831
4.756649
4.8165684
4.800665
4.9106874
4.856401
4.8879423
4.878612
4.8946743
4.906491
4.8914447
4.9018316
4.798579
4.906762
4.754708
4.941248
4.7820168
4.9257994
4.816428
4.9009633
4.7832437
4.9005256
4.7948933
4.8800197
4.827131
4.8726487
4.802055
4.8386
4.764739
4.918615
4.7799444
4.8123045
4.7266054
4.855137
4.6929097
4.7373333
4.709922
4.7883263
4.6614933
4.7708864
4.674675
4.7891536
4.661976
4.7622943
4.687618
4.7780733
4.708099
4.7849073
4.6916056
4.802244
4.685163
4.7848206
4.697958
4.7895613
4.718215
4.7740297
4.7293997
4.803067
5.7630787
5.8870916
5.8357573
5.7526555
5.822653
5.7433352
5.85486
5.7402663
5.7906256
5.731181
5.844904
5.7426467
5.8794365
5.8001523
5.8937707
5.7817707
5.892479
5.8474355
5.940694
5.866379
5.9188085
5.900064
5.9537807
5.921371
5.963827
5.9311113
5.9641466
5.90573
5.9449325
5.87076
5.9429893
5.881593
5.9515057
5.9355984
5.9689193
5.890228
5.976984
5.9315677
5.995682
5.946069
5.9980226
5.927251
6.0325203
5.989506
6.027097
5.964924
6.028986
4.2594852
4.2411647
4.3262563
4.2395906
4.235865
4.169338
4.239362
4.21432
4.260451
4.1935806
4.2932453
4.269452
4.2664347
4.250377
4.1902833
4.1636496
4.217817
4.130465
4.2281237
4.2265873
4.219363
4.1987195
4.2586913
4.2320657
4.3136706
4.2432485
4.3255777
4.245491
4.2421584
4.249075
4.280755
4.2555904
4.2732954
4.309809
4.3022575
4.36016
4.342697
4.3624306
4.29865
4.3473635
4.330405
4.3381686
4.3653812
4.332645
4.331205
4.407085
4.409404
4.3895817
4.377776
4.3074756
4.3112464
4.3157578
4.285073
4.321351
4.2563276
4.266838
4.1322527
4.221691
4.3753757
4.3123255
4.32387
4.3572197
4.286662
4.3621335
4.386041
4.3783703
4.3495493
4.3221936
4.2707424
4.2327337
4.183394
4.271443
4.3414383
4.307895
4.2605205
4.2427917
4.329659
4.5022593
6.2194815
6.337348
6.222976
6.2273912
6.238044
6.2563796
6.2488213
6.2294674
6.319741
6.2502003
6.342747
6.227003
6.3097434
6.2254405
6.3129344
6.285646
6.379388
6.3237677
6.402317
6.5297403
6.426978
6.5077724
6.4197683
6.542349
6.3425436
6.4308367
6.3836737
6.446022
6.3354816
6.434145
6.2248363
6.368456
6.522667
6.7750945
6.8014193
6.819735
6.678325
6.5284357
6.5114946
6.33716
6.3542156
6.1930094
6.211025
6.078625
6.125984
6.0500994
6.012621
6.0266886
5.9375405
6.0428677
5.934315
5.953224
5.952432
5.9786882
5.905251
5.938364
5.90706
5.9630218
5.936662
5.9978585
6.0189877
6.101257
6.1444206
6.24972
6.202152
6.3115983
6.463632
6.39789
6.4901657
6.351899
6.5540934
6.4389725
5.0482717
5.0931993
5.1366024
5.2898974
5.2054925
5.2518864
5.2478294
5.327773
5.2559996
5.3626604
5.2334623
5.38342
5.2518544
5.364283
5.2822056
5.3836365
5.3073244
5.281406
5.3628154
5.2955127
5.35412
5.3308268
5.349812
5.3825183
5.3529105
5.278034
5.4635353
5.2601247
5.3918715
5.3124313
5.4351044
5.3322477
5.4509025
5.345819
5.445746
5.313228
5.490445
5.338339
5.4457893
5.486238
5.3757896
5.523334
5.4786916
5.497142
5.4549828
5.5738554
5.4848948
5.620786
5.5091643
5.5603223
5.460719
5.585566
5.4823303
5.55312
5.5738883
5.591146
5.663277
5.5984907
5.6688166
5.6272335
5.734251
5.6046658
5.739685
5.638722
5.766896
5.6637726
5.7974334
5.6937165
5.797777
5.7290273
5.730657
5.667326
5.7574
5.6800723
5.783882
5.641997
5.7932444
5.677168
5.763523
5.6785636
5.737908
5.7067575
5.720375
5.7050076
5.717279
5.6813974
5.7647653
5.664743
5.724313
5.582759
5.6613827
5.6717052
5.6460214
5.647459
5.598837
5.601645
5.552276
5.580156
5.5822563
5.5933785
5.623072
5.666314
5.6948953
5.6318517
5.7408743
5.6869736
5.8010445
5.7070217
5.811383
5.7295904
5.756418
5.6435924
5.8042474
5.6613617
5.8162827
5.7052226
5.847636
5.7291
5.8556237
5.736278
5.8496327
5.7213173
5.852008
5.7187285
5.7238016
5.727678
5.784506
5.692511
5.6495476
5.677822
5.6390944
5.6756334
5.685875
5.681874
5.5839653
5.6769395
5.5855784
5.6498604
5.617046
5.6342583
5.6513286
5.6641994
5.5818806
5.75248
5.5491877
5.635991
5.6068296
5.6564903
5.55514
5.706376
5.542453
5.6875362
5.6206594
5.6790195
5.604783
5.5886264
5.5829787
5.5633926
5.4946747
5.5208936
5.5154834
5.57119
5.6375256
5.549253
5.524831
5.5625563
5.6016846
5.5608444
5.5266833
5.5213213
5.4640503
5.577404
5.487924
5.5469837
5.457579
5.6164856
5.45534
5.560674
5.4627247
5.6417627
5.4613166
5.5418277
5.455794
5.530034
5.4680223
5.488102
5.4610953
5.4621596
5.4669724
5.4601617
5.4649844
5.395897
5.449586
5.418455
5.410138
5.3667307
5.4180236
5.445316
5.4511986
5.3502793
5.43799
5.425981
5.3938713
5.431985
5.3496375
5.377113
5.410945
5.448993
5.505218
5.3934045
5.422088
5.328759
5.416198
5.317888
5.3595314
5.3629723
5.403531
5.376236
5.4010115
5.365459
5.36078
5.3280225
5.4136086
5.351406
5.3626256
5.375365
5.407424
5.3450775
5.3703737
5.3102283
5.374899
5.303194
5.357365
5.299907
5.3316255
5.31507
5.3422666
5.293055
5.35094
5.339949
5.3700747
5.3282948
5.3896747
5.3686776
5.3659973
5.3262787
5.4313636
5.4350767
5.4279795
5.382863
5.4636273
5.457651
5.4441943
5.3735466
5.493447
5.4835253
5.3649435
5.3678336
5.3904777
5.3987045
5.4202833
5.336209
5.3632016
5.362023
5.441684
5.423421
5.4312778
5.443972
5.4943004
5.5328217
5.499672
5.4861155
5.577884
5.501742
5.6340213
5.643724
5.6410027
5.571054
5.612029
5.566648
5.639026
5.6273727
5.6831107
5.7157135
5.693337
5.6865997
5.7330065
5.7254806
5.696655
5.726128
5.6469774
5.640707
5.6590424
5.64952
5.6515737
5.6395698
5.695837
5.698041
5.7103505
5.718343
5.6193676
5.730321
5.8124175
5.707535
5.685143
5.802614
5.691284
5.770566
5.673855
5.6590953
5.656926
5.5846496
5.6211834
5.564255
5.638983
5.569002
5.52843
5.650224
5.6032925
5.597827
5.615943
5.519142
5.6609626
5.483188
5.66837
5.520463
5.5356445
5.559732
5.418376
5.5848274
5.4821196
5.498812
5.465993
5.4058056
5.418257
5.4366355
5.397498
5.4380617
5.420704
5.4633455
5.45066
5.502223
5.5189734
5.5239053
5.540528
5.6061926
5.577496
5.669847
5.72428
5.732319
5.713171
5.606224
5.7251334
5.7976356
5.7352905
5.753039
5.687683
5.751026
5.7561264
5.7395
5.7439036
5.702303
5.743581
5.749815
5.817873
5.7856607
5.7610335
5.736863
5.8579235
5.80567
5.773598
5.8179207
5.8272753
5.818184
5.8471637
5.924357
5.8780546
5.9620275
5.9427967
5.9613166
6.00095
5.9437194
5.9542146
5.958734
5.90812
5.8994865
5.948832
5.9261527
5.9356146
6.0059986
5.7959623
5.8376284
5.847888
5.901085
5.834687
5.8417635
5.8572965
5.9233723
5.8158875
5.828314
5.8555026
5.9126043
5.86541
5.873322
5.8773255
5.8564467
5.8220205
5.7904525
5.841707
5.826452
5.8940306
5.820329
5.8267813
5.738327
5.7415166
5.783547
5.8668423
5.7978334
5.809481
5.791104
5.8524017
5.808311
5.869649
5.802622
5.9013743
5.8519707
5.9651666
5.9458666
6.0097218
5.8639073
5.9843307
5.8619304
5.9873247
5.844831
5.8492265
5.762971
5.8357778
5.851158
5.800528
5.8673906
5.7648983
5.7879586
5.6962533
5.784497
5.8492227
5.7904325
5.9796557
5.8833385
5.8927646
5.8547745
5.857054
5.9289794
5.8189783
5.820167
5.7784476
5.793991
5.763332
5.635153
5.6427593
5.6959534
5.673206
5.5928397
5.574249
5.561256
5.509724
5.4885883
5.5989013
5.560728
5.5425544
5.479953
5.4675856
5.4924307
5.430168
5.523362
5.459187
5.618362
5.44014
5.5686297
6.15732
6.24037
6.17017
6.2353272
6.1912384
6.346556
6.471838
6.4995456
6.427932
6.468826
6.5763073
6.574307
6.558966
6.563693
6.7252235
6.6815395
6.7661448
6.8839784
6.799057
6.8614745
6.7561445
6.652089
6.5059314
6.506917
6.3932667
6.363931
6.343726
6.1550875
6.3267045
6.1459475
6.335028
6.292865
6.3268566
6.361267
6.334051
6.440539
