10000
7.7509336
7.7332554
7.4744616
7.290909
7.1887226
6.898877
6.579405
6.5402536
6.6748238
6.9064927
6.9856024
7.125455
7.168661
7.1724334
7.251041
7.313971
7.1580067
7.03837
7.194975
7.198865
7.6444464
7.709621
7.5956593
6.9266996
6.2344737
7.2085743
7.5739675
7.577015
7.4143195
5.9948354
4.1517873
4.145293
4.7008433
4.701582
5.081223
5.3292966
5.335938
5.284034
5.2438107
5.1319885
5.063575
5.1217175
5.463792
5.1064534
3.5574837
3.6274362
3.8838577
4.203757
4.6440334
5.0963326
5.483963
5.983999
6.1753597
5.7902675
5.1467223
4.8680725
4.804711
4.8772545
4.798893
4.8030868
4.804153
4.9722805
5.2520075
5.310093
5.753329
5.9249525
6.115993
6.048895
5.93333
6.218008
6.3946905
6.420144
6.525831
6.802439
6.878418
6.9296985
7.203216
7.403927
7.306161
6.856353
6.147273
5.0796757
4.950514
5.3582144
4.7381425
4.401414
4.180161
4.2451124
4.1062603
3.5668232
3.9480717
4.386436
4.415383
4.105455
3.1943707
4.091984
4.5372796
5.063197
5.2552433
5.208332
4.906957
4.1694517
5.2415695
5.7357554
6.509088
7.264461
7.976457
8.164391
8.301899
8.204219
7.4796295
7.4599476
7.8702517
7.4879713
7.096953
7.075701
7.2474823
7.744424
7.787162
7.4740267
7.320025
7.2137127
7.5556116
7.999935
7.877735
7.7595034
7.6663127
7.4917994
7.5482464
7.426441
6.982081
6.072806
4.408043
3.6196244
3.508467
3.1098588
2.560871
2.5571513
2.576613
2.7936587
2.7933195
2.6113467
2.6097388
2.8220017
2.5245805
2.7496462
2.787053
2.6310234
2.9318166
0.60841936
0.64262736
0.5970825
0.59879136
0.5869338
0.57526016
0.6101218
0.5369881
0.4914777
0.48604983
0.43639818
0.4577667
0.44683853
0.43184105
0.43919536
0.46541637
0.5591421
0.52279145
0.5155051
2.5352404
3.1542368
3.689278
3.6907759
3.3076031
3.6044152
3.4248831
3.4895227
3.5484996
4.0233583
5.2169623
6.6825094
7.5213356
7.2099295
6.997331
7.389136
7.042836
6.6401234
6.248694
6.51559
6.662769
6.7772527
6.5722885
6.2616553
6.004263
6.10036
6.056781
5.899062
5.6981397
5.8249116
5.7122726
5.6503296
4.003447
2.8906236
2.4938118
0.265196
0.29436827
0.30167505
0.29826835
0.3867855
0.39743856
0.3921244
0.37585375
0.3193976
0.35213596
0.3210719
0.34281015
0.38200203
0.3767216
0.40735248
0.3882874
0.39304554
0.40867886
0.41359726
0.38954824
0.40630654
0.46205753
0.47471824
0.5269269
0.506888
0.51699245
0.5550586
0.5628666
0.5564317
0.5397321
0.5418628
0.5747173
0.58685005
0.5306079
0.5542024
0.5159707
0.51980114
0.4442028
0.5435173
0.56229174
0.3903185
0.39683732
0.3863441
0.36942783
0.3515249
0.38668424
0.38023308
0.39114973
0.38604304
0.40400115
0.35958967
0.3505977
0.30582365
0.31894758
0.37575033
0.33439708
0.33138987
0.29611084
0.31225085
0.37424433
0.37933445
0.31056932
0.31796545
0.3244271
0.34168735
0.33831498
0.3039737
0.33656996
0.32221097
0.2610831
0.27478722
0.27971283
0.24766767
0.25647652
0.27967218
0.28976205
0.3395778
0.31066206
0.28398713
0.2740619
0.29270297
0.2654893
0.28943634
0.27700764
0.29486918
0.2876657
0.2998516
0.3011537
0.34196696
0.30133104
0.28669307
0.33936003
0.35782567
0.4021807
0.3788328
0.36955783
0.35535347
0.3180559
0.32548633
0.3208512
0.32264978
0.40009645
0.34964538
2.3084707
4.1582656
4.3806458
3.5759895
3.6278625
3.6595728
3.1748116
3.8648849
3.986351
4.169153
4.138132
4.090223
3.5150151
3.2268927
3.1970012
3.3305807
2.962657
3.1332026
3.079799
3.3151093
3.8896925
4.566327
4.8249316
2.6874714
3.1197078
4.7054434
4.7246666
3.9045577
3.5257893
3.0383563
2.9056401
3.3139806
3.2448995
2.8424711
2.6790361
2.8010852
2.8512776
2.6432054
2.705907
1.8713417
1.3290349
1.2745981
1.2983731
1.5043023
3.0039492
2.5109878
3.2515209
2.9426537
3.601694
3.5420966
3.4674673
4.138627
3.0275364
2.6466684
2.904371
2.9903536
2.8108523
3.147286
3.2058954
3.6537054
4.460213
4.700476
3.916525
3.8813202
4.3832526
3.3071928
3.666798
3.998516
4.491333
5.148352
2.2038834
3.7647226
4.129085
4.309442
1.3384014
0.42281696
0.91059566
0.4345985
0.69989926
0.41575718
0.67511034
0.2803016
1.2803441
2.975308
4.224352
4.318977
3.7715824
3.685778
3.1742415
2.9060712
2.671261
2.6472511
2.636221
2.3441834
2.3704002
2.9587095
3.3057923
3.1803584
3.100077
3.3632686
3.5744019
3.8227396
3.6741848
3.5474687
3.8363318
3.530923
3.2040205
3.274189
4.812702
5.221626
0.8254952
0.7288061
0.84809804
0.8737345
0.75683427
0.91449904
0.7300598
0.8929563
0.7896292
0.8178218
0.7188598
2.0602303
2.4272997
4.089505
4.4639177
4.9211187
3.456392
2.7050884
3.0431144
3.5026298
3.3919675
3.0318303
3.1433377
3.3487434
3.4140513
2.4866595
4.259523
5.611021
5.1870604
3.7423146
2.6066813
3.4630694
3.3316317
2.3314323
3.7159374
4.229529
3.1303012
3.7999804
2.8981729
2.4868
2.9919162
2.6125245
3.1734583
3.15141
2.8921566
2.669238
4.3149457
3.5539079
3.426134
2.9531422
3.2981582
3.2585711
2.828345
2.7050402
3.055153
2.981313
2.9114923
2.2738903
2.5571287
0.58131987
0.9959834
1.2114568
1.2513579
1.3466964
1.3500522
1.2690504
1.3976982
1.4696052
1.3194021
1.0986856
1.1998572
1.2185808
1.0108572
1.1972586
1.0720265
0.9485916
1.00417
0.90292394
0.78084034
0.8628004
0.7574125
0.7118241
0.8438041
0.7330158
0.6514505
0.78202456
0.7528208
0.6925472
3.235907
2.8434308
4.097249
5.4700227
5.0162773
4.23443
4.5544047
3.0807095
2.5310059
3.343376
4.051283
4.401103
4.128746
3.7090123
3.4077387
3.106149
3.2641675
3.4481297
3.5540004
3.047339
2.9340792
2.6111238
2.5261662
3.0858865
3.535431
4.181309
4.712919
4.2651205
3.8197713
4.478366
4.5306516
4.4933033
4.6550064
2.8238611
5.176801
1.834275
0.40965194
0.5863112
2.642248
2.5858219
2.6128852
2.4356787
1.8150007
2.2768443
1.9824297
1.0525849
0.7689137
3.0864773
4.4316473
3.787817
3.7345924
4.6521964
3.4432585
3.4768507
4.18328
4.8275523
4.7343197
4.472555
4.023448
4.256763
4.393024
4.5275354
2.2343245
3.2328036
2.847116
2.8148847
4.0343595
2.9985096
3.6730287
3.3136377
4.0769286
3.5601027
3.9167275
3.6274674
3.633092
5.2162457
4.498146
4.188579
3.3300366
3.463678
3.1233172
4.350555
4.6550074
4.1772575
3.4914517
0.81298715
0.9318704
0.97688967
0.9787697
0.96221155
0.8467885
0.97784674
0.82126206
0.97957706
0.9878922
0.8690675
0.978126
0.9575377
3.3123643
2.5167205
3.0151756
3.0496488
1.9215238
1.6993716
0.8536327
1.0622326
1.4393669
1.5231885
1.8986214
2.0679262
2.1185954
2.243399
2.1204045
2.08417
1.9972612
2.0038722
2.1059844
2.1964257
2.3673813
2.3750556
2.5813909
2.5446885
2.7310598
2.9530702
2.981534
2.7331252
2.783662
2.8714068
1.7352915
1.9332826
3.7170372
4.5391
4.451375
4.3781824
4.0864625
3.7171981
3.8778076
4.400077
4.4404483
4.5581937
4.8138056
4.6781425
4.526825
4.585699
4.428941
4.4611855
4.3405356
3.922268
3.6732473
3.7479196
4.130464
4.231243
4.3261514
4.0064735
3.4108605
4.0567484
4.0100126
4.048934
4.0765777
4.1086183
4.063572
4.061912
3.8448796
3.897119
4.0185895
3.9893143
3.9686556
3.8498175
3.9367719
3.8377218
3.9430957
3.9811907
3.814693
3.8804898
3.889795
3.757344
3.6779323
3.6952074
3.6432788
3.587553
3.4446006
3.5558476
3.7320068
3.6192527
3.8668797
3.728529
3.9535983
4.2166896
4.344191
4.0649624
4.0831428
4.453821
3.855682
3.728966
3.226155
3.192528
3.413841
3.5606446
3.2986045
3.3158028
3.3259034
3.7557898
4.07009
3.61935
3.5640006
3.368876
3.9059715
3.2710307
4.031379
3.0741935
3.0583413
3.5340974
3.7552416
4.0230913
4.1394577
4.1914997
4.077487
4.0750194
4.209174
4.194143
3.7800157
3.6367269
3.211062
2.9346669
3.6864135
3.6767654
3.5836618
2.9764607
3.648886
3.3266768
3.5612252
3.5970654
3.4614713
3.3240845
3.4282484
3.3272026
3.3173954
3.2489576
3.2409985
3.4043074
3.4027653
3.656423
3.5432992
3.5501988
3.8246934
3.9473724
3.5520449
3.9539313
3.944136
3.6897032
4.000264
4.154703
3.2596464
3.404976
3.900524
4.129109
4.317616
4.550098
4.8025656
4.827578
5.1343145
4.984347
4.9783525
4.5051627
4.978957
4.346559
2.7883005
3.4774323
3.163222
3.2154734
3.4092355
4.099197
3.6313422
4.008481
3.7249377
3.8367808
3.8845153
4.4537277
4.4230604
4.4533653
4.125211
4.3759274
4.2655487
4.405342
4.567867
3.4451082
3.938078
3.5476778
3.1028805
3.491774
4.207425
3.3988547
3.976184
4.451969
2.80324
4.1827774
2.386665
4.811098
2.290946
2.5793023
3.8306024
2.3667514
2.391
3.948389
3.0853631
2.3633811
2.7694128
2.7367487
3.1486397
2.36366
3.2834644
3.3470926
3.8019104
3.5987623
3.5969589
3.4861498
3.5453832
3.6461468
3.6409006
3.4924371
3.5294611
3.55256
3.5523686
3.8736908
3.7209146
3.6879718
3.8663487
4.096908
4.3182855
4.186675
3.582025
3.14108
2.0804598
0.7723608
0.68930566
0.6267214
0.57095534
0.49682078
0.49449816
0.4988552
0.43319774
0.3651334
0.36887696
1.7349641
0.22602968
0.16560985
0.17275503
0.23809524
0.23789877
0.25415337
0.22082081
0.28611967
0.31986588
0.3262299
0.3361031
0.31572473
0.30580434
0.30200687
0.35914916
0.42286968
0.4203844
0.4142758
0.40867653
0.43913576
0.4627482
0.4049091
0.3046388
0.27694404
0.30550468
0.24763939
1.0139136
0.22350644
0.23083581
0.3309128
0.35698792
0.44941497
0.4682862
0.45983276
0.4328303
2.4480312
4.449525
3.3051994
2.4898043
2.118967
2.3008928
2.2702255
5.104474
3.1496675
0.3554057
0.31162912
4.297714
5.0184026
4.150458
3.292332
3.2952576
5.0795455
5.117251
4.3880954
1.7406005
0.48576808
0.51054025
0.5165157
0.4460579
0.49941587
0.47042203
0.4767566
0.46434394
0.48278064
0.46116564
0.46631318
0.41206166
0.40589556
0.38972363
0.44834226
0.43974543
0.51350737
0.521737
0.6596149
0.6159242
1.1486747
0.6900196
0.8526236
0.93228984
0.9399986
1.2976824
1.675767
0.6328403
0.96209055
1.2652215
1.0874391
0.99757916
0.641242
0.9438281
0.42111784
0.43535447
0.4272928
0.4756239
0.53635097
0.55018413
0.54640985
0.7477538
0.75507975
0.77023095
0.8057803
0.7930052
0.6278044
0.5731331
0.5576293
0.5129787
0.4768977
0.4499937
0.44804016
0.41353676
1.367662
1.9239618
3.809048
4.703947
4.4145546
4.1623497
4.294133
4.494
4.635501
4.766788
4.8101416
4.642083
4.511363
3.9653013
3.001937
2.9022486
3.2514153
2.4265876
2.332738
2.4842296
2.7149944
2.8193223
3.2529368
3.1917195
3.1729903
3.197896
3.3390727
3.3721867
3.311423
3.1256676
3.541721
4.8555775
2.933271
0.12008305
0.1985415
0.19961001
5.063571
4.6935215
3.4797277
3.5467458
2.8733866
3.3294206
3.1570725
3.4065368
0.063739516
0.15322551
0.1282507
0.12560803
0.16601415
0.22727062
0.27613726
0.29453748
0.25964308
0.33487552
0.20557511
0.17651954
0.31979415
0.33058482
0.2696038
0.31896573
0.40427962
0.34374085
0.4482637
0.32828832
0.3004708
0.30074647
0.30983266
0.32291964
0.41742325
0.5850261
0.5757331
0.5713319
0.52103794
0.65441185
0.6416769
0.5080594
0.5156219
0.5044143
0.5033383
0.51076
0.5210737
0.51924735
0.753054
0.8427035
0.49710083
0.5124343
0.4449564
0.41081056
0.34649256
0.32932964
0.3346043
0.8296306
0.34589842
0.37646633
0.33840397
0.37520543
0.36161074
0.3410789
0.4615153
0.3762273
0.4534416
0.49617982
0.46867353
1.2254238
2.8627434
3.8683531
4.776553
4.724648
5.0134945
5.3058186
5.035283
4.841406
4.910363
4.8795285
4.7040634
4.6266427
4.4805126
4.6391425
4.7442226
4.632337
4.430583
4.618045
4.729911
4.8453474
4.878815
4.78144
4.9393873
4.914851
4.819764
4.8338737
4.6392927
4.7793574
4.622886
4.585017
4.581644
4.463115
4.4212365
4.3892584
4.068951
4.3747883
4.5161085
4.6171203
5.003284
4.9655166
4.9571376
4.912203
5.004616
5.2880917
5.417866
5.58543
5.696701
5.5670557
5.283685
5.357103
5.8760796
6.169375
6.104511
6.1319356
6.093684
5.886082
5.9335904
5.6880283
5.4948373
4.9022765
4.6114044
4.3492618
4.993615
4.343353
4.860108
4.5776176
4.4352765
4.4358015
4.7296677
4.8182154
4.4208527
4.2902856
4.753332
4.743006
4.297755
4.3718333
4.30783
3.8231301
3.5468829
3.3738196
3.0815914
3.3036213
3.8122206
3.629613
3.7078156
4.1322827
3.454535
3.4607263
3.8082275
4.8899045
5.277915
4.8878937
4.7541585
4.8688145
4.707219
5.2123585
5.594325
5.7320724
5.571762
5.508689
5.4075503
5.465912
5.2287426
5.0441933
5.091392
4.849106
4.9674807
5.329568
5.521284
5.792742
5.9660683
5.93827
6.104522
6.216791
6.398574
6.501193
6.2976756
6.350129
6.402154
6.2474184
6.142673
6.024482
5.8526783
5.8207455
5.5039034
5.5004907
5.6271944
5.612604
5.445034
5.446196
5.4489
5.588085
5.6677456
5.7142673
5.556746
5.737642
5.5529866
5.608226
5.5923347
5.789019
5.6753707
5.840071
5.8897038
6.0528355
6.1029515
6.188587
6.199163
6.2892714
6.2977233
6.356862
6.5063677
6.5183
6.3887024
6.3365564
6.1230793
6.11985
6.3537617
6.5403166
6.488147
6.310604
6.4048123
6.635488
6.8399463
6.8427095
7.060446
7.0392776
6.89573
6.4935436
6.1966457
6.1725225
6.0377493
6.1770964
6.38349
6.4205956
6.706332
6.722616
6.9068756
7.1474085
7.295899
7.230267
7.2574625
7.297818
7.5507374
7.569999
7.477892
7.5635214
7.5563984
7.635303
7.5399084
8.032625
7.8528266
7.9093904
7.7720494
7.706485
7.6398535
7.5144954
7.4880767
7.640089
7.248318
6.7969418
6.6119995
6.962374
6.861828
6.87613
6.836283
6.5921035
6.6087728
6.5289397
6.767009
6.6160464
6.6260633
6.770817
6.5603786
6.193674
6.1639695
5.8260975
4.633116
3.5613775
2.6578817
0.64403
0.6403758
0.572531
0.58793473
0.56240803
0.55867016
2.58665
4.6292233
7.2160635
7.309517
3.7479465
3.3172648
3.2603626
4.615183
5.978723
6.1196856
5.7800727
5.999858
5.9713078
6.6042647
6.693128
6.6565523
6.444563
5.2234287
5.189667
5.5464153
5.149034
4.554095
4.105038
3.8031201
2.801266
3.1421382
3.4892318
3.9385421
3.830266
3.3651223
3.1404076
3.3628116
2.8208237
2.6601837
2.7538753
3.1292183
3.1235316
3.0406375
3.6033115
3.0745564
3.9698095
6.6484966
6.620562
6.666197
6.612722
6.6264305
6.4879837
6.4507265
6.371838
6.464165
4.425286
3.4308095
2.6997075
3.1353261
3.2565541
4.0567164
5.179557
5.666333
4.939398
4.1040273
4.2305865
4.56441
4.0688334
4.2297444
3.9875622
3.8930225
3.8907917
4.0174923
4.0095162
4.0653915
4.3453236
4.3155866
4.325892
4.6036453
4.2997837
4.129489
4.1366673
4.0038595
3.9701433
4.1775413
4.3089385
4.2165294
4.26676
4.2255077
4.2875104
4.1406856
3.979425
3.7776392
3.6371856
3.4914632
3.3031418
3.1611896
2.9936593
2.9841785
3.1061304
3.013611
2.9793959
2.9531024
3.1337342
2.9849002
3.2631738
2.8078315
3.2674508
2.7380466
3.262039
3.0723426
3.6231549
4.169044
3.4852355
3.0668244
3.1044705
2.9844565
3.0310795
2.9581532
3.2513268
3.1884136
3.3303893
3.1964862
3.1961944
3.3145251
4.2547946
4.786805
3.8188887
2.558186
1.160255
1.0697483
1.0841644
0.9475839
0.9442176
0.94299185
1.0611194
0.88425994
1.2230445
1.1886427
1.1096491
1.3487793
5.9095645
4.3484206
5.5343294
6.073491
3.9553473
3.633643
4.6455097
2.2857475
0.9909116
0.87375724
0.9727469
0.9925382
1.0065613
1.0343103
1.0268711
1.0057888
1.0722849
1.0471398
1.0436658
2.6409311
2.7752454
2.2389033
0.8146891
0.89359844
1.155561
0.97711664
1.2024838
1.051714
1.2243046
0.94423574
1.2341514
1.1164888
0.9429169
1.2319263
1.3116415
1.1556853
1.2612629
0.98460025
1.0896549
1.0329686
1.3867048
1.5951995
1.7099093
1.4440153
1.1654038
1.4665118
1.7441231
1.6950358
1.0412942
0.99708813
1.151602
1.1953713
1.4073234
1.3006411
1.1554532
1.2312545
0.95816034
1.2673253
1.984691
2.3425274
2.669183
2.684762
3.0586352
3.3614085
3.6215084
3.4777148
2.6899273
2.7225919
2.728971
2.9503958
2.9564614
3.1975248
3.2120314
3.2441072
3.4731631
3.7719817
2.6137216
2.9045768
2.7700567
3.3476493
3.8333175
4.318371
4.2000084
3.9972322
3.2930086
2.7279997
2.0496707
2.8433564
3.3244207
4.333871
3.9872215
3.51189
2.7991989
2.7778368
3.5687869
3.5793786
3.5713599
3.7202144
3.8468335
3.8853128
3.9740124
4.116067
3.9642088
3.9962773
3.9709826
4.1480165
4.317755
4.1478367
4.250721
4.3114796
4.1755476
4.266316
4.3392363
4.3606706
4.5259366
4.585619
4.64756
5.0495257
5.221169
5.424136
5.2017026
4.4429994
3.6214051
2.5393796
2.6182437
2.7266421
3.0744562
3.2470894
3.3118315
3.16401
3.3365836
3.268224
3.241055
3.2214296
3.6245277
3.4640455
3.7343757
4.505382
3.536066
2.7996852
2.6865873
3.1989095
3.7370467
4.07665
4.273972
3.6756127
3.067613
2.6943903
2.5596304
2.7850232
2.8865829
2.7885919
2.422553
2.515668
2.4181678
2.4136174
2.238251
2.3247857
2.4963388
2.5956137
2.594592
2.7311802
3.1805873
2.9427085
3.334541
3.8234284
3.8590965
3.909386
3.5514278
3.6133106
3.8047702
3.869693
3.9155684
3.8903282
3.8267825
3.8822818
3.7495918
3.390134
3.0813398
2.9428632
2.7365046
2.2404654
1.9397032
1.6909084
1.6195664
1.3007591
1.4100993
1.8993576
2.1468234
1.9786131
1.8821703
1.5256058
1.2947751
0.2924872
0.12511192
0.018000996
0.24409176
2.2617633
3.9222193
3.9443398
3.8264089
4.128345
3.9831617
4.0497594
3.8493237
3.311117
3.223578
3.6108174
3.5080833
2.6662526
2.7404366
2.8643475
3.4060364
3.5995991
3.8464286
3.8371654
3.1401658
3.0990882
3.1359172
3.3079758
3.73764
3.6971946
3.6891828
3.93098
4.1671987
4.2356014
4.4915185
4.344317
4.3261476
4.3939238
4.0445285
3.7043657
3.424463
2.7851968
3.0670407
2.6702986
3.2669382
3.2385626
3.2838986
3.1108923
3.4004261
3.2313852
2.997506
2.7805595
3.064569
3.396767
3.2913704
3.384911
3.381064
3.3933196
3.3756025
3.2830994
3.1103463
3.4595382
3.0240428
3.2919433
2.3824844
3.7894003
4.0013413
4.053305
3.675502
4.4290676
2.9465244
3.5028913
3.6894312
4.62737
3.9901886
3.5863757
4.149928
3.317509
3.2148767
3.600599
4.1521516
3.8472
3.4672337
2.2472045
2.279626
2.7480874
3.3273234
3.6738594
4.3302717
3.684709
3.6007078
2.5952387
2.6337686
2.866281
2.7372289
2.9571037
3.487461
4.00106
3.3738682
3.7975044
3.5018382
5.11668
4.352745
5.4307623
3.6592271
3.076784
2.52435
1.5394349
0.79237676
0.7956923
1.054355
2.0670264
2.5514543
2.3553727
2.2914777
2.3810732
2.383459
2.4200385
2.4645424
1.729648
3.1679528
3.200439
3.1874096
3.224368
3.3259926
3.1489096
3.3231573
3.1549594
3.2147403
3.201031
3.3797998
3.4011798
3.691513
0.5132459
0.48786327
0.5287917
0.44335634
0.49118203
0.42578876
0.3728981
0.39081293
0.458578
0.4719901
0.4451707
0.48003793
0.53493917
0.41808504
0.51705104
0.53717786
0.50506055
1.5629511
3.51207
0.62294114
3.1679342
2.5155427
2.443125
2.1661513
2.164351
2.3526962
2.5890503
4.09833
3.9495373
4.1157146
4.970279
5.040569
4.1134143
4.5568013
4.5702143
4.6407986
4.5962267
4.5793586
2.3946304
3.4877226
2.3252463
3.9904451
3.857698
4.2636795
4.1737847
4.2689204
4.3205442
4.180834
4.088143
4.051357
4.229066
4.3185606
4.4881396
4.547455
4.785233
5.0399127
5.2783422
4.4357095
2.9890876
3.2296004
3.1611261
3.2221198
3.3414981
2.9868104
2.9721427
3.355012
2.919243
3.1740232
3.3994079
3.4151554
3.5938873
3.040318
2.8759124
2.8485062
2.6935585
2.8589401
2.741673
2.572725
2.6368673
2.3736355
2.363132
2.3899236
2.7083185
2.822546
2.8071232
2.8955605
2.7119923
2.780461
2.5253668
2.6140683
3.1099434
3.3381724
3.5494874
3.8149872
3.7032232
3.8110495
3.7749953
3.7139897
3.693059
3.6303954
3.497139
3.4113417
3.3665118
3.3853436
3.4452243
3.5436807
3.445949
3.5137165
3.6289802
3.5333748
3.5299802
3.7351973
3.6052597
3.6586642
3.6477156
3.3319778
3.724913
3.7313924
3.7471337
3.7537134
4.0726314
4.345409
4.5362396
5.130456
4.694445
2.761138
2.379298
2.0657556
1.4213585
1.096159
1.3502442
1.6312361
3.7239945
4.081695
4.34786
4.7503576
4.927261
5.078473
5.168262
5.375309
5.4905457
5.535343
5.349439
5.1964407
4.7918115
4.4944196
4.3361754
3.9798
3.7616918
3.790804
3.9036477
3.5135357
3.2733033
2.6935747
2.384745
2.7418764
2.950512
2.9820774
2.8667252
2.716821
2.8438497
3.1526287
3.0291808
3.1545043
3.487156
3.5185957
3.2157245
3.665742
4.359664
3.6971166
3.199296
3.723281
3.9400117
4.035362
4.1946445
4.1404324
3.33576
2.6236186
2.4590034
2.3108408
2.5740685
2.682694
3.0697894
3.8457475
4.1082993
3.9504457
3.3471029
2.9735053
2.4567785
2.8471773
2.9785097
3.0349188
3.238732
3.440766
3.3405223
3.4348602
3.2360578
3.5376108
3.5025475
3.361615
3.6616154
3.076342
4.4972816
3.913514
3.5796824
3.2305176
2.9690123
2.7910144
2.61361
2.571371
2.3739192
2.2314212
2.1947997
2.1736474
2.3025835
2.5871713
2.6753364
2.8699133
2.9427865
2.788424
3.0139682
3.0537999
2.9478652
2.9574208
3.5195932
3.6097198
3.6252456
3.4913087
3.569786
3.5051758
3.3110752
3.1182766
2.736865
2.2081628
2.161341
2.0205264
2.7056077
3.2843263
3.2328355
3.274321
3.4160247
3.648193
3.67038
3.7565417
3.716412
4.114261
4.186667
4.211098
3.0669515
2.3987749
4.1973004
3.9318013
4.0013657
3.699755
3.4498901
3.0104997
3.12486
3.3497
3.604363
3.765273
3.5872147
3.4881103
3.5328624
3.2766697
3.324443
3.6715944
3.2060096
3.0215502
3.130964
3.0955567
2.814642
2.704065
2.5462615
2.3559606
2.23184
2.1502888
2.317113
2.349093
2.3310413
2.246015
2.3863103
2.4183035
2.564204
1.5583264
4.0212846
4.2259927
4.578301
4.8066025
4.185857
4.0175743
3.895515
3.8343759
4.0105996
3.9106967
4.0814533
4.191636
4.5899453
2.9793239
2.577337
3.7264824
0.9089376
2.410429
1.8989484
1.7435154
1.9108233
1.784115
1.6603432
1.4599264
1.5223862
0.9828887
0.81964594
2.7156568
2.6922808
2.3784235
2.2193043
2.0777745
0.65414095
0.3052348
2.1899016
0.20851332
0.24281886
0.28560588
0.3109134
0.27936602
0.24291907
0.23843405
0.28976408
0.06928056
0.13928434
0.19295396
0.1707157
0.13433605
0.21754082
0.28738585
0.013411079
0.28324485
0.46409342
0.13482597
0.10157051
0.30775794
0.7276
1.9921303
1.1428373
1.4190054
1.6121602
1.7668002
1.0893955
1.3795161
1.5955518
1.8034303
1.6211551
1.7468452
1.4541055
0.41086787
0.4925873
0.61241895
0.5970053
0.48710325
0.37741584
0.31246158
0.17424364
0.36226404
0.52078617
0.52797127
1.1347177
1.6098938
3.1279557
3.1825292
3.4473214
3.947083
4.0358477
3.9686189
4.190835
4.2608747
4.3255987
4.3690395
4.2310176
4.370333
4.5114255
4.45024
4.1901903
3.728671
2.4483764
1.94622
1.3593804
1.6336297
4.0616884
4.039187
4.4145327
4.0563574
2.5046644
2.9150503
3.5196478
3.354134
3.792919
3.515817
3.10821
4.2187657
4.051791
4.429613
4.430163
5.030851
5.109444
5.0973673
5.1788235
4.917512
4.6839743
4.5467954
4.3159766
4.2299485
4.265005
4.191737
4.137359
4.044528
4.1090283
4.193422
4.240489
4.4543886
4.653206
4.6397
4.8915515
5.04718
5.132311
4.8284607
4.759194
4.641906
4.4097133
4.506999
4.7026763
4.3899865
4.342096
4.2715364
4.3399334
4.27589
4.142435
4.2390327
4.497655
4.478404
4.342477
4.372069
4.2699366
4.3609934
4.3904543
4.4007044
4.396357
4.3559656
4.4017496
4.077362
4.1832027
4.1933165
4.0640044
4.02769
3.9764953
4.0754476
4.0403123
4.023313
3.938396
3.8765738
3.8779013
3.8460662
3.7128887
3.7121727
3.8023572
3.8413057
3.7955365
3.6105676
3.5827162
3.6369376
3.669188
3.9316463
3.949806
4.11345
4.2457094
4.1534615
4.1820755
4.3316207
4.1405296
3.9763768
4.4233055
4.3566866
4.544992
4.6277175
4.723707
4.6206665
4.587622
4.891923
4.6794353
4.6829844
4.528233
4.26808
4.196074
4.101262
4.132915
4.074669
4.231199
4.2488856
4.5582447
4.5013227
4.600008
4.624686
4.5689435
4.35404
4.8546557
4.653002
4.9222217
4.37783
4.481143
4.7916946
4.6992435
5.0369043
5.0386324
5.1597877
5.111154
5.0234585
5.0937405
5.1792164
5.1455183
5.159988
5.1477456
5.204046
5.4289446
5.388431
5.178483
5.2631593
5.300294
5.333872
5.30923
5.315763
5.475473
5.9495964
6.3777895
5.852122
4.7331004
3.4385006
2.504942
1.6694865
1.8442267
2.0371177
2.3577342
2.6688643
2.6275802
2.7354894
2.7090385
2.6388328
2.5493925
2.555838
2.1570196
2.177214
2.2851763
2.3894455
1.633385
1.3880616
1.2957926
0.94826275
0.7197374
0.9183526
0.9239603
0.95523804
0.9519211
0.99300444
1.0088186
0.99947274
1.0038546
0.9946311
1.0024308
1.0128224
1.0112566
0.9944149
1.0013169
1.0064821
1.0064766
0.9466586
0.9511938
0.93921024
0.9337396
0.87305784
0.9131405
0.8983611
0.886142
0.8722324
0.8778302
0.888456
0.8594393
0.85946614
0.83468086
0.7529713
0.732428
0.78487295
0.7390306
0.72257835
0.7764211
0.73160714
0.7324799
0.8016205
0.7261216
0.6433474
0.6389706
0.5881068
0.5514398
0.5458329
0.53357327
0.5612721
0.5222731
0.5186919
0.52352303
0.5027157
0.582112
0.6214509
0.6086725
0.5909791
0.6103838
0.61791056
0.66968083
0.70845956
0.71674824
0.6706164
0.67972106
0.7755947
0.81336325
0.84745413
0.7927678
0.77836573
0.7281642
0.83063084
0.8462242
0.8498753
0.822916
0.78740895
1.1654915
0.78476065
0.7643795
0.719608
0.7387716
0.631939
0.62396497
0.58393383
0.6306667
0.6660925
0.68601257
0.6872163
0.6349936
0.63501054
0.6350048
0.6894445
0.71873534
0.7078041
0.70533276
0.69181275
0.6955095
0.68695396
0.70678145
0.72588414
0.6666148
0.6356744
0.686688
0.7208178
0.54376423
0.6098711
0.61078155
0.6119136
0.64301395
0.6424375
0.63793206
0.6368499
0.6330501
0.5881602
0.63881046
0.58275515
0.64451504
0.64365715
0.6155235
0.5690522
0.5949356
0.5854584
0.5644027
0.65900373
0.83909345
0.8030754
0.5823263
0.5608152
0.53974134
0.5428524
0.5069656
0.51995534
0.50914174
0.5168853
0.5163641
0.50105625
0.50195515
0.51428837
0.5152441
0.5187399
0.5182305
0.51830524
0.51782256
0.51857084
1.4808941
2.573441
2.555813
2.360224
2.005975
2.9862933
3.2527392
3.6642075
3.5693817
3.8097918
3.7803302
3.7844443
3.5292196
3.5147047
3.2853055
2.8458033
2.922637
3.0461888
2.9732819
2.9575903
2.985039
3.0918193
2.9689913
3.7444942
3.9165382
3.3709579
2.4634936
1.777144
0.54069126
0.39771622
0.3472261
0.35014832
0.33667764
0.34128678
0.41568646
0.37617922
0.38815567
0.3205376
0.31261164
0.29749033
0.31714866
0.30182976
0.32002825
0.3296079
0.35744375
0.3258049
0.5956504
0.5500594
1.6728914
1.687904
1.8106772
1.9418929
2.2221746
2.3859696
2.577994
2.8191981
3.2017088
3.1032825
2.9146745
3.0697887
3.1908095
3.1956158
3.310766
3.353998
3.699068
3.6409254
3.5630815
3.6183546
3.5488505
3.4471438
3.6574936
3.6866455
3.5999777
3.6863086
3.6178231
3.4515653
3.2311163
3.1195996
3.0368786
2.9963336
2.9558568
2.9464016
2.8737416
2.9976754
3.0361154
2.9281797
2.9393322
2.9371855
2.9591045
2.8145032
2.7799046
2.6883595
2.7463171
2.730633
2.8059516
2.5999837
2.7051437
2.6566815
2.6679947
2.5163374
2.6379244
2.7955441
2.714389
2.699411
2.6360035
2.7982557
2.8717706
2.8555484
2.8950384
2.8601272
2.934328
3.0552058
2.900954
2.9415474
2.9712694
2.9084687
2.8754442
3.0800693
3.263118
3.532624
3.607664
3.9031565
3.8065307
3.751081
3.4503276
3.6689792
3.5873346
3.5873864
3.5945299
3.5369537
3.5214205
3.5125227
3.7233498
3.6614914
3.7201037
3.649305
3.4188986
3.5063999
3.3313918
3.2901883
3.5403864
3.4844303
3.3675973
3.14483
3.3000188
3.1981452
3.553708
4.082635
4.1778793
4.5348983
4.5175595
4.9529376
5.2940416
5.330249
5.1295238
5.0736275
4.938911
5.0435686
4.7700577
4.789164
4.700576
4.5566278
4.5882673
4.365531
4.395377
4.461446
4.2270384
4.2232065
3.841802
3.8722553
3.7709296
3.6445012
3.6333363
3.7346091
3.7065392
3.7035205
3.7693856
4.15744
4.092184
4.015174
3.8610997
3.5895514
3.5239167
3.4445026
3.2549849
2.893092
2.8215141
2.890255
2.8971467
3.0756843
3.2642212
3.0263972
2.9337745
2.6892521
2.4944444
2.5734265
2.5262225
2.4203641
2.779318
2.8039904
3.0277457
3.141542
3.2863917
3.4993658
3.523474
3.4296715
2.971943
3.0817735
3.566703
3.5727243
