10000
9.127847
9.237162
9.192815
9.400316
8.924635
8.978956
9.303526
9.14339
9.288279
9.191164
9.101695
9.146649
8.960833
9.05262
9.050522
8.948587
8.835274
8.651224
8.737932
8.808691
8.737164
9.031899
8.938693
8.67044
8.638626
8.497353
8.630287
8.524511
8.505929
8.263689
8.211974
8.156277
8.358883
8.497466
8.436515
8.528114
8.633705
8.38447
8.8667145
8.652655
8.649655
8.383971
8.491167
8.620001
8.734811
8.452005
8.339594
8.744682
8.7492285
8.7360325
8.870613
8.830103
8.855448
8.828595
8.762788
8.774441
8.790279
8.881847
8.795002
8.782246
8.785129
8.850613
8.764939
8.745992
8.815581
8.72075
8.679932
8.69425
8.568992
8.688271
8.645693
8.501291
8.796319
8.675933
8.781214
8.703997
8.829874
8.816098
8.883605
8.845792
8.831882
8.83487
8.691584
8.731753
8.723988
8.6206255
8.663159
8.667753
8.66556
8.721058
8.707388
8.70884
8.57887
8.590871
8.56638
8.644929
8.614638
8.605289
8.54463
8.359051
8.468126
8.4003315
8.760809
8.731403
8.457799
8.557529
8.584473
8.522901
8.596974
8.643662
8.582594
8.647353
8.694152
8.677412
8.766364
8.806583
8.771519
8.780829
8.623792
8.610365
8.556736
8.389768
8.422696
8.45652
8.3731785
8.340122
8.471247
8.621167
8.535274
8.512043
8.535639
8.557714
8.496438
8.367123
8.435405
8.4318695
8.457236
8.406303
8.499737
8.472925
8.594676
8.716025
8.781127
8.849856
8.6619625
8.822135
8.878765
8.889624
8.782286
8.750548
8.743983
8.709811
8.844744
8.745429
8.848452
8.485811
8.31907
8.266252
8.34051
8.506454
8.537828
8.728245
8.797018
8.827514
8.8506775
8.7078285
8.845335
8.892431
8.87448
8.819097
8.628492
8.695221
8.64379
8.565484
8.4706
8.502653
8.370341
8.50477
8.524221
8.419632
8.415338
8.405168
8.38725
8.500502
8.466952
8.519555
8.586855
8.71058
8.563098
8.672393
8.8494425
8.776781
8.71169
8.55868
8.36609
8.361999
8.3575735
8.46061
8.324026
8.64661
8.410112
8.511718
8.3839245
8.296728
8.129312
8.088171
8.062053
8.071722
8.118305
8.012194
7.9821367
7.8287225
7.8368955
7.778273
7.7533913
7.759234
7.8387537
7.8291073
7.924159
8.058484
8.142591
8.022003
7.870867
8.012195
7.833796
7.7712054
7.697709
7.701067
7.627325
7.697912
7.6943297
7.724505
7.813776
7.844523
7.937967
7.8500094
7.82164
7.823236
7.9182587
8.049273
8.13445
8.016
8.129645
8.0529995
8.017467
7.994399
7.8939643
7.940553
7.895894
7.525581
7.784961
7.5814543
7.8513556
7.681727
7.8643117
7.9183083
7.8491955
7.912218
8.055532
8.030309
7.9906316
7.903564
8.086516
8.05581
7.8919683
7.9914656
8.118437
8.054466
8.09154
8.290333
8.431605
8.381325
8.439122
8.35577
8.46866
8.274747
8.200477
8.201217
8.14753
8.219908
8.216892
8.420106
8.445278
8.419337
8.593642
8.398548
8.124761
7.9584594
7.9274716
7.9591255
7.9313555
7.995696
7.958707
7.978378
7.9973993
8.109045
8.018687
8.223161
8.268578
8.2298155
8.261957
8.118679
8.256892
8.138206
8.042469
8.017759
7.980727
7.9310913
8.099546
8.004699
7.827109
7.743183
7.7167363
7.873863
7.8662825
7.6265135
7.8988066
7.7427692
7.8762107
8.013697
8.201049
8.100533
8.108053
7.691225
7.4632673
7.4039574
7.4185658
7.505286
7.603964
7.7114983
7.6549344
7.5659785
7.390579
7.524312
7.6178427
7.544187
7.5340996
7.552364
7.7338777
7.6734405
7.588198
7.4963403
7.521716
7.4928007
7.5673
7.6851745
7.884397
7.97468
8.2021265
8.144536
8.259427
8.328259
8.391498
8.325061
8.349601
8.253054
8.243368
8.276547
8.25379
8.18694
8.271619
8.111834
8.133428
8.003271
8.002972
7.899221
7.880722
7.8736897
7.689169
7.467871
7.5851026
7.4872537
7.2711797
7.378047
7.320239
7.446401
7.348654
7.3884616
7.4934793
7.3275814
7.547019
7.640321
7.6155496
7.7370687
7.717647
7.879654
7.9717064
8.020074
8.09022
8.053853
8.08821
8.010022
8.009709
7.9358606
7.7671943
7.693192
7.964554
7.672843
7.5847473
7.828348
7.98343
8.108912
8.253045
8.384778
8.443125
8.302487
8.247191
8.015673
7.8514433
7.713743
7.4400225
7.487785
7.443499
7.283067
7.3642573
7.392373
7.386132
7.460401
7.5505853
7.6471453
7.695355
7.6632648
7.518554
7.4720135
7.4912376
7.451713
7.51731
7.6844034
7.326154
7.4578905
7.5453677
7.478493
7.6187925
7.2055216
7.2697887
7.409139
7.160257
7.1383038
7.0877357
7.4359407
7.2037024
7.149781
7.037229
6.90152
6.917402
6.8018794
6.565063
6.471567
6.2105117
6.2517457
6.2494106
6.1586514
6.298253
6.242299
6.396427
6.4668174
6.620949
6.727197
6.6312613
6.6298504
6.487264
6.4439917
6.3615127
6.339566
6.475186
6.275574
6.2479553
6.4008684
6.7969646
6.6849904
7.0122504
7.2529373
7.045388
6.864207
6.606956
6.236585
5.9596386
6.037373
5.9214873
6.0398893
6.414536
6.2324457
6.180001
6.4285984
6.2613063
6.365043
6.3945794
6.171074
6.138501
6.1575813
6.2099075
6.166338
5.977863
6.224702
6.0582423
5.817743
5.7120867
5.5280504
5.2948265
5.14246
5.2098575
5.1619697
5.304976
5.241762
5.1744995
5.434205
5.455811
5.375458
5.4579954
5.510085
5.4158998
5.4161096
5.307075
5.2437143
5.2541933
4.9323373
5.413993
5.2788496
5.4100523
5.408963
5.212144
5.372872
5.6232014
5.38445
5.515149
5.2915316
5.3867207
5.1032987
5.148235
5.299118
5.5538263
5.5890627
5.972858
5.8667097
5.993858
6.195333
4.673436
5.2555246
5.3199863
5.444533
6.0617046
6.407921
6.25029
6.4374247
5.9392204
5.95945
6.0763683
6.128042
6.399295
6.5928097
6.63416
6.5491953
6.5021677
6.582653
6.537588
6.6841846
6.992843
6.5364885
6.539126
6.3160086
6.0264535
6.362726
5.615313
5.8634157
6.214398
6.3389673
6.106276
6.327097
6.2249637
6.2481236
6.2099066
6.308028
6.396029
6.231888
6.1495495
6.1193647
6.4788246
6.660075
6.8907957
6.710432
6.3381863
6.337963
6.3666635
6.3418083
6.0588355
6.008522
6.0377207
6.1363387
6.0889764
6.2415166
6.191348
6.011935
5.8722153
6.0345793
6.075721
6.220253
6.3335533
6.271927
6.330208
6.367179
6.536537
6.6976414
6.5388536
6.6651487
6.6532736
6.5128107
6.366201
6.4231577
6.2257257
5.9471593
6.008686
5.8427224
6.2887187
6.2152467
6.530328
6.448373
6.547707
6.630414
6.9621487
7.0331764
7.0601516
6.8151436
7.1943154
7.2237206
7.0880575
6.7307754
6.765116
6.769314
6.8547697
6.472945
6.5513988
6.51926
6.580283
6.4972243
6.4584966
6.601781
6.3780212
6.408247
6.4251075
6.604891
7.037985
6.951483
7.0540442
7.03491
7.308079
7.053035
6.8810067
6.8526077
6.9297156
6.809385
6.5672107
6.4407434
6.6393394
6.4707384
6.6536336
6.8515778
6.914589
6.7731094
6.66265
6.833017
6.8065977
6.668409
6.968463
6.4970484
6.664835
6.4820113
6.505989
6.6533155
6.927151
7.014287
6.859861
6.468787
6.176903
6.217469
6.1472917
5.8688283
5.7787433
5.619464
5.453506
5.2232313
5.113601
5.207486
5.447229
5.598775
5.3422613
5.293171
5.5078135
5.7011294
5.635319
5.2916493
5.176464
5.621056
6.207557
6.4470057
6.6053233
6.278583
5.9459414
5.6645913
5.207143
5.190262
5.0591583
5.066727
5.3309035
5.633584
5.7257733
5.8474293
5.948253
6.2522874
5.9765725
6.170387
6.12093
6.6687884
7.032695
7.189715
7.135873
6.982777
7.1950235
7.5040474
7.5674257
7.4944534
7.517042
7.3436117
7.3162794
7.1879005
6.9756956
6.7756686
6.807386
6.630395
6.4617963
6.173014
6.387227
6.433518
6.244457
6.417803
6.26297
6.2386036
6.169253
5.865799
6.0157647
6.204213
6.3501167
6.267098
6.3987217
6.5761003
6.4266834
6.637278
6.437273
6.428076
6.6329017
6.7399464
6.8536854
6.910727
6.8607345
6.4460487
6.0623903
5.883413
5.8555174
6.202973
6.245928
6.315343
6.3935094
6.383914
6.562008
6.456348
6.3222218
6.4073133
6.421808
6.304762
6.196968
5.8347225
5.479636
5.50996
5.7691245
5.8877516
5.6734195
5.331625
5.105529
4.830944
4.709568
4.938536
5.2617755
5.4417167
5.376429
5.2797523
5.3902206
5.578723
5.554025
5.4725056
5.7943487
5.509052
5.5712442
5.4080534
5.3757057
5.569906
5.4710665
5.5408397
5.646249
5.986597
5.966164
6.1785583
6.30606
6.1879964
6.3498473
6.2324615
5.8442044
5.7738037
5.842918
6.046442
5.989703
6.1381516
5.934006
5.838651
5.888159
5.8017826
5.722053
5.606025
5.760968
5.8116083
6.190838
6.3309402
6.2051325
6.1875806
6.031213
6.382515
6.268233
6.349383
6.5428324
6.431132
6.2476783
6.3606215
6.4639616
6.536383
6.7750635
6.714052
6.7097745
6.775853
6.6464577
6.7707853
7.00331
7.1277437
6.8413105
7.1077967
6.898484
7.1333585
6.9433565
6.7122254
7.0111504
6.8413286
7.1275454
6.984762
7.1056952
6.9721174
7.3503036
7.2651606
7.5293717
7.4548454
7.443181
7.1906767
7.535019
7.285969
7.078851
7.1178513
6.9037733
6.9899282
7.0850997
7.005142
7.153823
7.0712934
7.22563
7.2559905
7.205449
7.1841917
7.1464586
7.2562714
7.2090807
7.193814
7.1051807
7.067247
7.1060743
7.048121
7.135323
7.1785703
7.270085
7.279643
7.118895
7.188945
7.1167083
6.89022
7.3171077
6.7678776
6.614362
6.303268
6.013332
5.8567996
5.983255
5.956192
6.1581216
6.2639337
6.123913
6.090803
6.2196817
6.3694696
6.6087
6.3049316
6.612368
6.3880987
6.527713
6.504975
6.425987
6.464563
6.7394238
6.849842
6.678183
6.6302695
6.9441357
7.1427307
7.3212576
7.069214
7.033698
6.8890586
6.9027414
6.752991
6.6757927
6.676389
6.514404
6.691742
6.686881
6.8757057
6.765088
6.9299297
6.8091254
6.882733
6.848694
6.887127
6.830038
6.918564
6.987915
6.8842187
6.864399
7.0524035
7.046294
7.25747
7.2527494
6.937639
7.164353
7.1833506
7.192128
7.280837
7.3887887
7.351408
6.9135876
6.8789067
6.9446936
7.026726
7.085923
7.177532
7.0775943
7.1377635
7.211089
7.0735235
6.833057
6.577222
6.513461
6.601725
6.750278
6.4863105
6.5047207
6.5335865
6.7587385
6.573502
6.6507072
6.472601
6.599851
6.7409496
7.0723343
6.8413405
6.514857
6.177573
5.951245
6.239191
6.5287037
7.015047
6.991358
6.862117
6.6957912
6.825439
7.0433083
7.0438757
7.026142
7.078015
6.9874845
6.6710052
7.076343
7.018068
7.271668
7.139847
6.9362
7.0252447
6.8695116
6.890933
6.590389
6.7958016
6.9446325
6.686424
6.5525756
6.5706573
6.6851892
6.5915585
6.7127595
6.50023
6.8033047
6.7314367
6.8798723
6.746549
6.8750005
6.6811047
6.8519936
6.8406715
6.90056
6.977446
6.7709208
6.798504
6.5876737
6.495682
6.4474254
6.2372746
6.3942285
6.4708652
6.621341
6.451605
6.6706734
6.486693
6.8631268
6.754146
6.5791254
6.7549005
6.7316923
6.7266955
6.802051
6.7562814
6.7760553
6.621938
6.7063065
6.747562
6.9876223
6.928075
7.0361495
6.873008
6.8911414
6.8065042
6.7410145
6.7562447
6.6800523
6.6875706
6.5513754
6.4795847
6.203143
6.2777104
6.2992845
6.1350064
6.2218423
6.252489
5.677878
5.590645
5.67853
5.6350565
5.578492
5.72196
5.9424515
6.453846
6.955224
7.100175
6.6819973
6.7297344
6.6818023
6.934695
7.002928
7.109115
6.8716426
6.701259
6.329181
6.255741
6.1012087
6.183694
5.9966125
6.10672
5.757711
5.846507
6.165513
5.9527216
6.1604195
6.7437143
7.028448
7.0020084
6.9071903
6.6926775
6.8041954
6.8048105
6.934334
6.8047624
6.955122
6.8686657
6.8394556
6.8212605
6.707448
6.77472
6.890862
6.858352
6.357262
6.080081
5.688477
5.4967804
5.4068413
5.6032352
6.005548
6.074869
6.1205053
6.230143
6.317783
6.234126
5.9867063
6.452275
6.381863
6.5067086
6.7360296
6.46814
6.630953
6.5436697
6.3272963
6.4841647
6.4764814
6.53275
6.6260333
6.718055
6.7566338
6.805879
6.8491435
7.013497
7.011993
6.906312
6.9091873
6.847165
6.693911
6.784686
6.7139387
6.753869
6.7884393
6.6800017
6.501529
6.5354905
6.3206463
6.357617
6.311699
6.089161
6.2651553
6.137615
6.133971
5.8148127
5.9015827
5.949215
5.9063797
5.851888
5.8987007
5.8472095
5.9093995
5.8660984
6.042378
6.559808
7.2345486
7.359735
7.158246
7.0089903
7.1085706
6.9505706
6.9237223
6.8803215
6.381898
6.553993
6.3364205
6.5197296
6.594794
6.7103367
6.6981916
6.7720885
6.7787504
6.859683
6.855216
6.6541986
6.9817686
6.9338465
6.8992558
6.8666673
6.941181
6.7684846
6.651752
6.5946555
6.817614
6.4789658
6.801586
6.741699
6.9168534
6.7014284
6.8972077
6.8087273
7.0120993
6.864978
6.807023
6.654889
6.752472
6.832639
6.831576
6.8584843
7.044302
6.8601217
6.8180923
7.062396
6.8725977
6.8099413
6.795952
6.745121
6.7998867
6.7369866
6.7755814
6.7845316
6.93882
6.887624
7.0252275
7.019923
7.085163
7.035741
7.1537046
7.168522
7.243977
7.4460897
7.4491653
7.4218173
7.464902
7.389845
7.4322634
7.4977427
7.568453
7.5253115
7.634478
7.484091
7.385377
7.2927246
7.2273593
7.3018913
7.2499213
7.2497597
7.1227765
7.0587673
6.914719
6.9329233
6.9882264
6.9459333
6.9143233
6.738222
6.6124144
6.6974397
6.802814
7.1059847
7.291561
7.313866
7.1823344
7.074461
7.0296283
7.1267896
7.1440268
7.0577674
6.957471
7.044764
7.031782
7.107464
7.115469
7.0842767
6.961571
6.9286695
7.045663
6.9053416
7.0062428
6.882191
6.777889
6.7289596
6.6946287
6.652244
6.6313434
6.660397
6.4218025
6.320767
6.343305
6.295877
6.1724234
6.276422
6.4722614
6.211339
6.152992
6.048714
6.1323013
5.830499
5.774336
5.396786
5.6219697
5.965177
5.9626465
6.090402
6.284872
6.0204096
6.0291395
5.8611608
5.8302846
6.136639
6.048442
6.297307
6.5947585
6.56157
6.3745823
6.3762302
6.610432
6.439742
6.8669267
6.4330516
6.5420294
6.628783
6.899671
6.6200743
6.3666954
6.486511
6.6045837
6.553259
6.7543173
6.8162827
6.21851
5.921601
5.9579363
5.886204
5.845941
6.1142716
6.234019
6.119015
6.0556645
6.0940447
6.040422
6.2495794
6.418828
6.4518437
6.4701743
6.576806
6.6070156
6.873103
6.943276
7.103953
6.803213
6.51497
6.5961566
6.773241
6.700573
6.660395
6.679732
6.700742
6.8489165
6.6724896
6.492977
6.5067887
6.4692664
6.496783
6.6038766
6.581275
6.7679157
6.5938525
6.6127567
6.334308
6.4125743
6.3590794
6.721805
6.6782227
6.885932
6.9050417
6.6979327
6.5691295
6.5300007
6.431026
6.435928
6.453858
6.4543986
6.5179095
6.372154
6.535175
6.6183567
6.6694827
6.6899705
6.548042
6.4028177
6.386426
6.4263554
6.2841673
6.24349
6.1188216
6.1604958
6.54231
6.368708
6.4758573
6.3785496
6.2662225
6.144486
6.2868524
6.400863
6.312286
6.3192835
6.0367107
6.0000525
6.1124196
6.1914444
6.287304
6.3933616
6.3271356
6.317942
6.2650733
6.3007517
6.397098
6.475624
6.447838
6.3575854
6.3005085
6.159977
6.1053295
5.9896126
5.9592924
5.9372706
5.8652077
5.8096395
5.8351173
5.741847
5.8436327
5.6612463
5.824992
5.7396464
5.895814
5.9178743
5.878917
5.7624664
5.5589514
5.2337117
5.3106585
5.1524563
5.213913
5.1012764
5.27234
5.1517043
5.316351
5.6354575
5.88239
5.8816404
5.9150696
5.8025136
5.8668833
5.8083696
5.7498455
6.2554827
6.3187304
6.290524
6.0848866
5.940461
5.81104
5.6122046
5.640068
5.659236
5.7615542
5.775544
5.5152345
5.4955935
4.854846
5.0307436
4.7898927
4.9146028
5.212533
5.5155907
5.2359095
4.8661933
4.871615
4.948392
4.9531817
5.2103834
5.4701204
5.519794
5.479993
5.370548
5.4137287
5.4826746
5.553611
5.588894
5.548914
5.5135956
5.474071
5.289234
5.291602
5.1632724
5.113168
5.1867146
5.3128767
5.2367945
5.279273
4.8826904
5.1116858
4.7978687
4.8703637
4.935163
5.025395
5.2530847
5.300953
5.5235524
5.418337
5.5780325
5.58713
5.603988
5.622144
5.518387
5.4359818
5.4796576
5.5320425
5.297606
5.5340257
5.6658
5.684945
5.6727514
5.449533
5.092629
4.9886475
5.023678
5.094034
5.042376
5.1366706
5.1302633
5.261697
5.2157817
5.194329
5.1111
5.0582247
5.007567
4.8638744
4.9330835
4.89719
4.9072003
5.080736
5.1328545
5.2320986
5.067986
4.9414086
5.113221
5.188093
5.1704345
5.279848
5.401515
5.342559
5.273126
5.278424
5.375615
5.2375045
5.1474953
5.2579885
5.05849
4.932187
4.9391646
5.0181737
4.8275013
4.6467586
4.6507926
4.6243916
4.511323
4.4726954
4.4369216
4.2204895
4.2764745
4.2590127
4.2893066
4.2229495
4.428438
4.3479652
4.4070315
4.5471945
4.460088
4.4611497
4.4393797
4.413083
4.3843937
4.402856
4.419202
4.55387
4.5365286
4.5525637
4.663809
4.599483
4.6867437
4.7032785
4.734447
4.588847
4.5721188
4.4834127
4.704606
4.62818
4.465201
4.567521
4.436757
4.251912
4.48574
4.3509936
4.5867925
4.7574515
4.7501383
4.767657
4.8320837
4.72235
4.668764
4.505943
4.873937
4.6691313
4.982098
5.0903296
5.1999245
5.2183104
5.398512
5.504556
5.36593
5.276283
5.083913
5.249384
5.2168856
5.408708
5.315545
5.3613963
5.2833815
5.485655
5.5147815
5.4969764
5.3642864
5.2568583
5.4598727
5.299059
5.324874
5.4345636
5.3599334
5.305957
5.45761
5.5562854
5.7568173
5.8565073
5.8271284
5.622633
5.7598896
5.7359023
5.7227693
5.79778
5.566077
5.6633215
5.7135525
5.6651087
5.6627707
5.70968
5.785608
5.7860456
5.991541
6.0726175
6.372285
6.82498
6.7706676
6.8991165
6.513676
6.854181
6.512475
6.4913473
6.4933786
6.467945
6.5356197
6.719946
6.637053
6.3480377
6.178927
5.9900765
5.933091
5.834561
5.7696047
5.7473516
5.8289833
5.6289263
5.5928774
5.653242
5.885591
5.8609934
5.889931
5.922354
6.1993456
6.1192718
6.0952578
5.8843055
5.691881
5.6711683
5.8064947
6.023867
6.1438403
6.170439
6.2804556
6.2328634
6.4865675
6.9428596
7.11731
7.2064266
7.432359
7.66039
7.691198
7.839273
8.088421
7.6648326
7.126474
7.1350274
7.180881
7.3272696
7.1534204
7.055617
6.9441867
6.9529915
6.841402
6.9499083
6.8207173
6.7125416
6.345361
6.317125
6.2619824
6.298683
6.213104
6.147975
5.7893314
5.8410654
5.7263894
5.3587127
5.634172
5.7447944
5.7197323
6.0862083
6.297915
6.5130377
6.442656
6.8170123
6.8215714
7.2915487
7.347272
7.311832
7.2970066
7.5892224
7.578951
7.6922064
7.9516845
7.953047
7.812708
7.359499
7.2065935
7.3505144
7.3691506
7.5191526
7.780646
7.62846
7.633589
7.522768
7.61142
7.47478
7.631452
7.318188
7.3747177
6.9948125
7.2016106
6.939084
7.1580715
6.9967866
6.953774
6.8002987
6.8516
6.485304
6.493783
6.3300276
6.129293
6.3978643
6.609414
7.0704103
7.1601777
7.3201137
7.1239033
6.965307
6.8906236
6.7237744
6.668579
6.8906536
7.0018215
7.287937
7.1546483
7.2461977
7.5161133
7.7304554
7.9274006
8.097255
7.873904
7.5238743
7.357166
7.2311745
7.8206453
7.8524346
7.8823395
7.6034217
7.6644397
7.5858345
7.53615
7.3239045
7.3568583
7.0504503
7.0036817
6.8898315
6.7173347
6.458568
6.5691867
6.2947097
6.260584
6.2995257
6.3155537
6.199959
6.19138
6.119472
6.3298135
6.281224
6.660293
7.1213417
7.102483
7.152318
6.9632483
6.728802
6.7513433
6.751551
6.6254134
6.619272
6.7503014
6.6531754
6.4233136
6.2989163
6.241189
6.3634243
6.07076
6.1478457
6.12675
6.6076784
6.820537
7.1649833
7.3513966
7.259225
6.907773
6.6681657
6.2682495
6.223427
5.9248624
6.2387357
6.5985737
6.7297564
6.441709
6.572548
6.3652897
6.6503353
6.954372
6.904497
6.958662
7.049959
7.0734606
6.9081154
6.9379826
7.000707
6.883204
7.132111
6.8775654
7.244859
6.9382744
7.1347656
6.935027
6.9460955
6.7292986
6.598213
6.4920387
6.6717525
7.131498
7.1263967
7.380651
7.431689
7.6747727
7.784409
7.9030256
7.8434415
7.880637
7.7936654
7.690858
7.721997
7.790601
7.961446
7.804859
7.802578
7.658316
7.891998
7.6875696
7.838
7.46342
7.748884
7.5070133
7.752013
7.5047984
7.744234
7.5100737
7.4574904
7.482251
7.418986
7.435748
7.199947
7.122576
6.901429
6.867986
6.820499
6.897038
6.933542
6.8193374
6.430539
6.281179
6.416706
6.275597
6.46346
6.699669
7.3358374
7.06577
7.420237
7.2517533
7.5046124
7.503361
7.930339
7.7197704
7.7912087
7.9735065
7.8607593
7.8942566
8.166505
7.9693403
8.063486
7.6924987
7.4942327
7.0268044
6.993028
7.061676
7.1697454
7.168498
7.1551647
7.050706
6.886741
6.7236257
6.7745
6.662137
6.6852903
6.454701
6.654538
6.3696876
6.2808228
6.547763
6.4662175
6.479885
6.8289843
6.745512
6.5491104
6.810317
6.423469
6.436159
6.6354938
6.521448
6.805743
7.0009537
7.0567765
7.202422
7.2151537
7.3884163
7.47272
7.695472
7.648787
7.6237783
7.383194
7.3788652
7.168842
7.2974186
7.0898867
7.088396
7.070345
7.2474637
7.0315866
7.077318
6.8686748
6.8439193
6.853468
6.8611836
7.0062003
6.884438
7.1283493
7.1295366
7.027364
6.7876945
6.7946005
6.420898
6.308455
6.4735794
6.3904314
6.2836256
6.450453
6.2399178
6.24495
6.1170406
5.972285
6.0266924
5.9944334
6.019411
6.2335606
6.431957
6.655055
6.6208315
7.1313095
7.544149
7.302559
7.375496
7.1553345
7.294316
7.3330255
7.1865625
7.148978
7.176171
6.952679
7.1279287
7.2418094
7.186518
7.271796
6.958587
6.9506717
6.8028016
6.618807
6.657471
6.585647
6.097336
5.847032
5.8838215
6.0107164
6.1950645
6.342519
6.299106
6.2450395
6.1606646
6.1721144
6.125896
5.8366675
5.7494187
5.824801
6.2036715
6.115388
6.55318
6.934055
7.201783
7.1691566
7.1444635
7.4538074
7.465478
7.717093
7.7628036
7.816683
7.7991304
7.7567086
8.200775
7.6787496
7.654251
7.375454
7.592547
7.5862617
7.33095
7.2950463
7.0823245
7.034096
6.9576006
6.670474
6.700325
6.356681
6.112198
6.164707
6.0189734
5.909606
6.230111
5.997029
5.65724
5.714646
5.5700226
5.4124336
5.6369553
5.424573
5.443483
5.6266336
5.5964503
5.8957796
6.267184
6.360571
6.6792417
6.7711773
6.785468
6.947838
7.2409844
6.7899017
7.2799883
7.489417
7.746903
7.7547026
7.557787
7.749618
7.837949
7.774212
7.3670626
7.4696536
7.1598377
7.1861205
7.144635
6.956204
6.9415097
7.0339303
7.090905
6.9814754
6.9990153
6.990224
6.794745
6.8573914
6.715444
6.863782
7.148701
6.7635083
6.9617233
7.0135655
7.026643
6.829933
6.782975
6.367891
6.4117746
6.0451665
6.1942086
6.175794
6.403877
6.437033
6.6632
6.7717824
7.206169
7.287916
7.3937006
7.314971
7.1701837
7.4150143
7.440475
7.4411736
7.4784274
7.3520694
7.2054067
7.1186886
6.5241094
6.1405096
6.3330736
6.2713404
6.5229816
6.444212
6.535008
6.5020165
6.531436
6.276675
6.4722424
6.410518
6.429072
5.972051
6.0596795
6.081626
6.2088223
6.2894835
6.072841
5.976291
5.961491
6.011385
5.9965143
6.212357
6.4027276
6.4955897
6.644784
6.678153
6.6435933
7.0681643
6.880838
7.073295
7.0676246
7.066386
6.9988046
6.851451
6.3093734
6.405423
6.4030395
6.4953933
6.518976
6.2189264
6.3666034
6.3192544
6.3591866
6.250331
5.945052
6.115879
5.9155083
5.585666
5.6733856
5.9652433
5.9303007
6.258337
6.219455
6.0897574
6.3572803
6.206963
6.5975738
6.5415583
6.6747503
6.733558
6.9560647
6.8920627
6.9928117
7.0723653
6.9075637
6.813513
6.968402
6.945226
6.984162
6.9211254
6.979516
6.3945513
6.642
6.544126
6.3913407
6.283754
6.1831603
6.3330436
6.0211334
6.05356
6.0608263
5.854791
5.8668494
5.797814
5.596754
5.831945
5.9921503
6.0573463
5.943552
6.1700363
6.3316164
6.476434
6.293648
6.37366
5.98823
6.124584
6.1028833
5.7157598
6.1489916
5.765975
5.305844
5.1424317
5.4826994
5.8297
6.007749
5.9620605
6.4606624
6.1974425
6.174895
6.1057277
5.715767
6.0090094
5.9980392
5.9838634
5.653348
6.1311774
6.466765
6.451804
6.463797
6.6024065
6.4642925
6.4659734
6.354648
6.5565434
6.375161
6.4139957
6.285661
6.179064
6.2451587
6.152757
6.5811615
6.2900343
6.258586
6.3586707
6.6081424
6.4469094
6.469076
6.300061
6.1111436
6.138959
5.717943
5.8841968
5.739771
6.0138307
6.248251
6.495525
6.537726
6.8232985
6.9178634
6.8737187
7.237058
7.398207
7.5504165
7.327642
6.957403
7.1100106
6.328505
6.662457
6.3805037
6.473324
6.952428
6.704807
6.6957355
6.481121
6.2418633
6.525737
6.5110717
6.5412426
6.2421265
6.0211678
5.4508657
6.2624335
6.2953854
6.6981754
6.5449705
7.046867
7.1909165
7.2407813
7.106214
7.058565
7.1561007
7.1537943
6.9453597
7.216236
7.320677
7.161059
6.882762
6.971166
7.4121466
6.8918767
6.6235275
6.3063087
6.359085
6.256257
6.868312
6.854675
7.226274
7.5422673
7.3406634
7.1824937
7.288541
7.2102876
7.244053
7.0581636
7.424524
7.2890353
6.8626533
6.8790197
6.9368973
6.9947724
6.8219166
6.923523
6.929021
7.0328526
6.8753166
6.796791
6.790374
6.7816772
6.7433453
6.750404
6.86082
6.664806
6.9130335
6.7084584
6.74223
6.682303
6.738742
6.7222104
6.819036
6.5664644
6.845557
6.843909
6.7159595
6.729518
6.608458
6.7849917
6.59252
6.737886
7.3591423
7.2838316
7.296078
7.158367
6.950975
6.749367
6.8935285
7.0605497
7.059918
6.6355166
6.788667
6.443239
6.437288
6.6678157
6.716875
6.5707645
6.4309735
6.6295185
6.286259
6.235453
6.0579543
6.1676536
6.2091966
6.1729693
6.1938367
6.0861874
6.223445
5.8330708
6.366698
6.464533
6.266078
6.127103
6.0778155
6.2867346
6.2436943
6.5330386
6.896226
6.994218
6.9402056
6.9763665
7.0940104
7.3720675
7.1566625
7.228417
7.1414995
7.2667456
7.5716424
7.55732
7.1131425
7.0472126
6.7937737
6.6116824
6.533756
6.6339126
6.610284
6.3742514
6.2498097
6.1046414
6.0966325
5.967806
6.117943
6.090008
6.176522
6.1886415
6.1849146
6.0277567
5.845207
5.881992
5.833713
5.886379
5.786945
5.705121
5.6747737
5.533641
5.406288
4.929952
5.1376476
5.4746494
6.331452
6.8617687
7.062461
6.859255
6.8773108
6.6096096
6.7597146
6.6962166
6.7489038
6.589531
6.0333805
5.7721796
5.77718
5.756215
5.7260523
5.646704
5.462742
5.5810246
5.5943675
5.5495734
5.45647
5.5542984
5.8504415
5.929478
6.0756946
5.971841
6.103121
5.888932
5.677008
5.134348
5.079041
5.045886
5.0014305
5.208551
5.5419207
5.484206
5.1431427
5.2138453
5.2629066
5.2853975
4.688012
4.37942
3.6040673
2.7309718
2.2306187
1.5565839
1.7930312
1.9198502
2.1332161
2.253181
2.367222
2.3403337
2.3476777
2.3123755
2.5171635
2.3536677
2.30193
2.3853745
2.3170204
2.2511237
2.144494
2.005946
1.6645386
1.7546017
1.7261827
1.8737543
1.5234386
1.9340669
2.1382172
1.8743657
1.5001616
1.3022758
1.3475935
1.316741
1.3197477
1.3614752
1.351978
1.3816366
1.5972378
1.4682333
1.5216538
1.3890004
1.5584545
1.5720239
1.4147801
1.3465803
1.2499561
1.254771
1.111648
1.5896544
1.4839522
1.5838362
1.4896797
1.5009992
1.3396204
1.2504412
1.4572853
1.3093327
1.2822049
1.1970135
1.4000028
1.1897376
1.4031343
1.4261986
1.341504
1.3078164
1.3599656
1.3159038
1.3253455
1.5053691
1.6253203
1.3747321
1.4119713
1.3099786
1.4120239
1.5036315
1.4993321
1.443624
1.4776376
1.5371226
1.5201811
1.4918327
1.4391282
1.4175223
1.4422479
1.15831
1.2900591
1.3834872
1.3531638
1.3807977
1.5710139
1.5962737
1.4720818
1.4405103
1.4531659
1.3495721
1.6164181
1.4847193
1.4984558
1.5008801
1.4701446
1.6241263
1.4111707
1.4093246
1.4755297
1.3031616
1.3279084
1.4115505
1.3815193
1.2548236
1.327907
1.2893484
1.2279587
1.2865857
1.2355596
1.2882186
1.3656662
1.314706
1.5664765
1.526761
1.3905809
1.2870213
1.3633412
1.3157443
1.3328835
1.6156392
1.5084227
1.5327182
1.4177244
1.4196537
1.4630643
1.4711902
1.695683
1.5874221
1.615816
1.4939731
1.2694111
1.3723592
1.450644
1.6709454
1.4766058
1.465939
1.7783082
1.6211755
1.3139982
1.4884764
1.694167
1.6879807
1.5131433
1.4778677
1.5189952
1.6214969
1.7574965
1.6619948
1.6728728
1.6340547
1.6462197
1.6134422
1.4564705
1.5598538
1.773321
1.5570555
1.6318645
1.8776584
1.6179743
1.6317371
1.8707441
1.7946732
1.9777256
1.6952777
1.7048548
1.612824
1.5992956
1.6580231
1.8050812
1.7882922
1.9326607
1.7189407
1.6231625
1.5108739
1.5027977
1.6487983
1.5981858
1.9334426
1.5715976
1.540525
1.4540627
1.5671871
1.3564152
1.5507125
1.7970887
1.8676748
1.6965315
1.6780957
1.7302091
1.471461
1.5014496
1.6598173
1.9765152
1.6218387
1.8891256
1.6636881
1.6711346
1.7597971
1.547759
1.4879855
1.6933329
1.9159201
1.846279
1.8810437
1.7296708
1.8335161
1.79378
1.510627
1.4985105
1.4706455
1.5627065
1.597117
1.5571926
1.6485937
1.6532917
1.8941556
1.9571011
1.8222933
2.0342288
1.9623398
1.9076121
1.9586002
1.9621679
1.5192596
1.5820708
1.5597621
1.7370538
1.846023
1.7525117
1.7187566
1.45396
1.3212564
1.3973501
1.3407396
1.7020246
1.8873401
1.9007757
2.2014236
2.2191386
1.9674177
1.8025013
1.7677935
2.241572
1.8719642
1.7751813
1.8431365
1.8626667
1.6707463
1.713766
1.5376335
1.6403217
1.4905937
1.5884827
1.9389367
1.7821547
1.7010785
2.0020645
2.1187527
1.6437775
1.4810051
1.609798
1.6530566
1.3902125
1.5084372
1.6538324
1.598834
1.5710026
1.8490641
1.868252
2.1266177
2.247802
1.9474926
1.6637034
1.3902705
1.5342505
1.6058239
1.5983355
1.7842045
1.4468331
1.5465075
1.3370627
1.3863662
1.597795
1.4458762
1.8973951
1.8564777
1.7941272
1.7611308
1.7640531
1.456574
1.4355246
1.3116877
1.3371422
1.297775
1.1503284
1.2853901
1.3728142
1.7035421
1.7226642
1.5760394
1.514494
1.5574307
1.4044535
1.3745663
1.4883571
1.3851378
2.0207243
1.7180252
1.6828172
1.197968
1.3491989
1.6201478
1.5826354
1.5229876
1.6531106
1.9269874
1.8892472
1.8533273
1.7133821
1.8326492
1.8094352
1.7958668
1.392647
1.4979978
1.4765958
1.3670461
1.3726925
1.3423946
1.5283147
1.4049885
1.6906775
1.7824992
1.7648948
1.6192287
1.506706
1.4540135
1.5188568
1.5591553
1.3388811
1.3435235
1.3393112
1.4908094
1.6008091
1.7741628
1.6735003
1.7331786
1.6374141
1.6071111
1.697498
1.8370867
1.9974495
1.9383093
1.8636425
1.8192799
1.5581523
1.4799104
1.6232293
1.6230009
1.6891199
1.6030526
1.5889192
1.6431743
1.7011511
1.7926927
1.8433512
1.8403574
1.9274894
1.8360544
1.743645
1.7856579
1.6246792
1.5721033
1.6815767
1.6805239
1.5604224
1.8775891
2.1911192
1.8830495
2.0054035
2.0546277
2.1454415
2.0767148
2.2404633
2.1050243
1.9609796
1.4854143
1.3962152
1.4710336
1.7262404
1.4858587
1.4260274
1.3626457
1.2752842
1.5308341
1.539251
1.632944
1.3930464
1.2452046
1.3415933
1.4379766
1.3139479
1.5965747
1.5220617
1.5069232
1.6053307
1.5839949
1.4951715
1.5672672
1.7847769
1.3537818
1.2323636
1.2967231
1.3531066
1.2233267
1.4328489
1.3859581
1.2662209
1.6562696
1.6465064
2.017994
1.69706
1.443763
1.591031
1.4504201
1.4169878
1.400455
1.408044
1.418586
1.4182532
1.2151277
1.2449538
1.1264302
1.4084821
1.3263973
1.5189353
1.5283775
1.554391
1.4269965
1.2021096
1.3193691
1.2047634
1.2730708
1.3382667
1.443866
1.4274689
1.3541093
1.2238345
1.3633598
1.3883436
1.2890081
1.2363191
1.2646452
1.4173256
1.3686829
1.2295053
1.4200002
1.4213425
1.406415
1.4401923
1.5198661
1.7902057
1.6152549
1.7429545
1.6896051
1.2735251
1.2153114
1.3174578
1.2527052
1.186624
1.17825
1.2899367
1.2575537
1.3396885
1.4408325
1.1154891
1.0791136
1.1336151
1.1382822
1.2155023
1.3915331
1.2479476
1.5100172
1.3800088
1.1863376
1.2063639
1.3234591
1.43075
1.2958515
1.2392296
1.24754
1.4752861
1.2689806
1.0629154
1.0312654
1.2822373
1.4566488
1.3663584
1.4110855
1.4306823
1.4629937
1.6023368
1.61623
1.76394
1.6771444
1.6584172
1.6646806
1.2155517
1.3789359
1.3596498
1.2533265
1.2341838
1.1966156
1.4830183
1.5772588
1.4185317
1.3975987
1.4013872
1.4189892
1.4071876
1.4698203
1.4980539
1.4740038
1.3341721
1.376872
1.4973967
1.5517638
1.4946306
1.6550794
1.5485057
1.4639814
1.4308665
1.3753002
1.3067316
1.2347788
1.6784549
1.7049607
1.5917554
1.6430279
1.6504596
1.5355953
1.455395
1.6592107
1.6161563
1.86167
1.600131
1.4848484
1.4846106
1.3590643
1.5346216
1.5018857
1.3076295
1.2610058
1.4570391
1.5485983
1.7563441
1.348846
1.0804933
1.5630466
1.5215259
1.4065365
1.3584247
1.300803
1.4977165
1.2428163
1.1412178
1.2998825
1.5283147
2.038447
1.8235098
1.676244
1.4386039
1.4932852
1.3109493
1.3712693
1.3941203
1.4477897
1.2357974
1.303909
1.1972045
1.3225642
1.4343997
1.6625944
1.8840641
1.9127203
1.852038
1.9337535
1.4093308
1.2983909
1.3457499
1.3457255
1.3558524
1.3370583
1.367511
1.384623
1.6756749
1.6929898
1.6201981
1.6522202
1.3965019
1.5288857
1.5277718
1.5806495
1.4641697
1.4301499
1.4670321
1.395009
1.4238427
1.4180228
1.3494462
1.3318653
1.1785059
1.1937854
1.134421
1.251554
1.3767288
1.3903278
1.2040225
1.2276071
1.2506225
1.2596062
1.2148751
1.2479397
1.3175476
1.3384631
1.3401679
1.3374193
1.2347718
1.3027205
1.3584492
1.3038208
1.3732827
1.3467137
1.40787
1.5121315
1.5905079
1.5781425
1.6674253
1.5065616
1.4899887
1.366231
1.5372889
1.5177771
1.2724568
1.4147393
1.2659378
1.3733212
1.5138369
1.2455914
1.3086665
1.1828663
1.2269996
1.3806809
1.1900682
1.3960595
1.3568357
1.2001092
1.2886153
1.2938464
1.3500278
1.2054251
1.1572828
1.2709256
1.3702986
1.320156
1.4480085
1.3821621
1.5184548
1.3706555
1.2912718
1.2949631
1.6747868
1.3795693
1.4460632
1.2101308
1.2894729
1.5633243
1.8738976
1.5047954
1.4696157
1.3159387
1.1727153
1.4703202
1.4926823
1.3519505
1.440116
1.3599747
1.3097456
1.1905551
1.1575999
1.1403656
1.8569448
1.3510567
1.4845479
1.7978971
1.4055507
1.4899027
1.2404556
1.618895
1.4699371
1.5872012
1.5710466
1.3331727
1.5610423
1.6708738
1.9987726
1.533967
2.0751698
1.8010134
1.659504
1.8159761
1.559957
1.640391
1.5446049
1.6689074
1.8446372
1.8534793
1.9141455
1.6500344
1.8380121
1.9950117
2.1661792
2.0721543
2.012838
2.0911934
2.3262615
1.9285662
2.0072775
1.8116671
1.9156837
1.8359622
2.0706158
2.1330023
2.1256235
2.2029898
2.1661472
2.2710989
2.351691
2.3572922
2.5088046
2.295112
2.3616397
2.2901266
2.325169
2.1899817
2.1868758
2.2216394
2.4890697
2.3914313
2.242456
2.2433827
2.2922487
2.1656818
2.4086711
2.1681461
2.1227438
2.1958246
2.2608404
2.2360356
2.1414719
2.1583815
2.2118926
2.2612932
2.1571069
2.1258056
2.1628995
2.333301
2.2793627
2.1504579
2.1403704
2.296303
2.1228082
2.1003854
2.0835214
2.166539
2.088464
2.0808408
2.0094295
2.0767384
2.1814353
2.5595846
2.5264826
2.5387979
2.3082538
2.3921523
2.3444135
2.210114
2.3061802
2.303239
2.237219
2.2183864
2.3633132
2.1480336
2.197604
2.106857
2.2729201
2.018857
2.0933757
2.2339196
2.1053662
2.2958484
2.1754022
2.1268067
2.0886555
2.1886048
2.3399823
2.2716835
2.4401991
2.147794
2.0254
2.0420747
2.040844
2.1537015
2.3152423
2.2400305
2.2732456
2.159336
2.1763954
2.1632464
2.221132
2.1509297
2.16579
2.296756
2.3909218
2.5211654
2.3600264
2.4100842
2.4344168
2.3264792
2.3042326
2.2726636
2.3376238
2.0918047
1.9713775
2.0772562
2.0782137
2.2955537
2.1432045
2.167949
2.0565436
1.9727894
2.0145993
1.8344272
1.8769679
1.892682
1.9893893
1.8999299
1.9887441
2.1169915
1.8178076
1.8014503
2.287331
2.1290007
2.025384
1.8439263
1.7588181
1.7337475
1.8508672
1.7390738
1.9393563
2.1457462
2.254235
2.2271028
2.0590324
2.1185718
2.0527182
1.9279732
1.7458974
1.6191148
1.8701807
1.8772838
1.824368
1.711083
1.4661497
1.5422997
1.7404745
1.776592
1.7920427
1.8611858
1.8510109
1.9172236
1.876941
1.8708274
2.1117187
1.9123814
1.9604216
1.9304533
1.9219971
1.9567457
2.2354476
2.1834288
2.178027
1.7862852
1.6812239
1.9070793
1.9209752
1.6144732
1.6710354
1.7179027
1.8770761
1.734436
1.6559066
1.5352678
1.6454396
1.7611072
1.9619292
1.5449837
1.5921931
1.7173691
1.8388468
1.6530046
1.9150928
1.4548265
1.6089202
1.529716
1.6260675
1.8701706
1.7123318
1.6063639
1.7346922
1.7492186
1.7143356
2.0921006
2.0275512
2.3242528
2.328754
2.186223
2.05512
2.3258705
2.1438725
1.9227283
1.9716742
2.0236123
1.8839991
1.7527573
1.7886535
2.0608315
1.811354
1.7778828
1.8941981
1.5449868
1.940362
2.197947
1.9769012
1.6303071
1.4897841
1.8371576
1.4329059
1.5292336
1.3070987
1.224004
1.7246795
1.8039643
1.770346
1.8835791
1.8539059
1.7828374
1.6802179
1.7049603
1.9150867
1.7962363
1.9356421
1.8157076
1.8832911
1.7665125
1.8453408
1.79597
1.8078893
1.8297126
1.6550196
1.6688583
1.8477122
1.9705579
2.0362618
2.2277977
1.8229643
1.729014
1.6936088
1.6553869
1.7348061
1.7212415
1.603478
1.502073
1.3812805
